Printout for SDDS file facet_noFF.mat

 ElementName        s             R16            T166           R56            T566     
                    m             m/1             m             m/1             m       
----------------------------------------------------------------------------------------
       _BEG_   0.000000e+00   0.000000e+00   0.000000e+00   0.000000e+00   0.000000e+00 
           C   0.000000e+00   0.000000e+00   0.000000e+00   0.000000e+00   0.000000e+00 
        B1LE   1.063090e+00   1.200675e-02  -1.200521e-02   9.040973e-05  -4.680550e-17 
       CB1LE   1.063090e+00   1.200675e-02  -1.200521e-02   9.040973e-05  -4.680550e-17 
    CSRD0001   4.929030e+00   9.935067e-02  -9.937142e-02   9.040973e-05   9.866891e-04 
    T202040T   4.929030e+00   9.935067e-02  -9.937142e-02   9.040973e-05   9.866891e-04 
    CSRD0002   5.533970e+00   1.130182e-01  -1.130424e-01   9.040973e-05   1.141086e-03 
    P202042T   5.533970e+00   1.130182e-01  -1.130424e-01   9.040973e-05   1.141086e-03 
    CSRD0003   5.873162e+00   1.206816e-01  -1.207078e-01   9.040973e-05   1.227656e-03 
         M1E   5.873162e+00   1.206816e-01  -1.207078e-01   9.040973e-05   1.227656e-03 
    CSRD0004   6.026445e+00   1.241448e-01  -1.241719e-01   9.040973e-05   1.266778e-03 
         Q1E   6.324545e+00   1.261692e-01  -1.215156e-01   9.040973e-05   1.286157e-03 
         Q1E   6.622645e+00   1.187892e-01  -1.004562e-01   9.040973e-05   1.389485e-03 
    CSRD0005   7.761545e+00   7.311058e-02   1.309473e-02   9.040973e-05   2.305515e-03 
    CN202069   7.761545e+00   7.311058e-02   1.309473e-02   9.040973e-05   2.305515e-03 
    CSRD0006   8.011545e+00   6.308367e-02   3.802029e-02   9.040973e-05   2.506593e-03 
    CH202072   8.011545e+00   6.308367e-02   3.802029e-02   9.040973e-05   2.506593e-03 
    CSRD0007   8.972445e+00   2.454426e-02   1.338242e-01   9.040973e-05   3.279455e-03 
    CV202082   8.972445e+00   2.454426e-02   1.338242e-01   9.040973e-05   3.279455e-03 
    CSRD0008   9.322445e+00   1.050659e-02   1.687200e-01   9.040973e-05   3.560964e-03 
    CH202085   9.322445e+00   1.050659e-02   1.687200e-01   9.040973e-05   3.560964e-03 
    CSRD0009   9.512445e+00   2.886137e-03   1.876634e-01   9.040973e-05   3.713783e-03 
        YC1E   9.642445e+00  -2.327854e-03   2.006247e-01   9.040973e-05   3.818343e-03 
        YC1E   9.772445e+00  -7.541845e-03   2.135860e-01   9.040973e-05   3.922904e-03 
    CSRD0010   9.886445e+00  -1.211411e-02   2.249521e-01   9.040973e-05   4.014595e-03 
        XC1E   1.001645e+01  -1.732811e-02   2.379134e-01   9.040973e-05   4.119156e-03 
        XC1E   1.014645e+01  -2.254210e-02   2.508747e-01   9.040973e-05   4.223716e-03 
    CSRD0011   1.041400e+01  -3.327289e-02   2.775500e-01   9.040973e-05   4.438909e-03 
         B2E   1.223890e+01  -1.363869e-01   4.892656e-01   2.710195e-03  -4.984002e-03 
       CB2LE   1.223890e+01  -1.363869e-01   4.892656e-01   2.710195e-03  -4.984002e-03 
      MSEP1E   1.223890e+01  -1.363869e-01   4.892656e-01   2.710195e-03  -4.984002e-03 
    CSRD0012   1.243250e+01  -1.505043e-01   5.149315e-01   2.710195e-03  -4.469278e-03 
         Q2E   1.293250e+01  -1.967019e-01   6.232009e-01   2.710195e-03  -2.300521e-03 
         Q2E   1.343250e+01  -2.664573e-01   8.298974e-01   2.710195e-03   2.626771e-03 
    CSRD0013   1.362615e+01  -2.990071e-01   9.327463e-01   2.710195e-03   5.362276e-03 
         S1E   1.375115e+01  -3.200173e-01   9.956201e-01   2.710195e-03   7.127975e-03 
         S1E   1.387615e+01  -3.410274e-01   1.050808e+00   2.710195e-03   8.893674e-03 
    CSRD0014   1.412656e+01  -3.831168e-01   1.152981e+00   2.710195e-03   1.243089e-02 
         M3E   1.412656e+01  -3.831168e-01   1.152981e+00   2.710195e-03   1.243089e-02 
    CSRD0015   1.428375e+01  -4.095361e-01   1.217114e+00   2.710195e-03   1.465118e-02 
         Q3E   1.464085e+01  -4.568011e-01   1.312536e+00   2.710195e-03   1.785807e-02 
         Q3E   1.499795e+01  -4.769360e-01   1.303009e+00   2.710195e-03   1.851742e-02 
    CSRD0016   1.522735e+01  -4.808108e-01   1.262618e+00   2.710195e-03   1.855015e-02 
         Q3E   1.558445e+01  -4.725048e-01   1.148604e+00   2.710195e-03   1.874233e-02 
         Q3E   1.594155e+01  -4.361361e-01   9.384499e-01   2.710195e-03   2.068114e-02 
    CSRD0017   1.618242e+01  -4.025350e-01   7.671733e-01   2.710195e-03   2.302476e-02 
         S2E   1.656342e+01  -3.493870e-01   5.555981e-01   2.710195e-03   2.673173e-02 
         S2E   1.694442e+01  -2.962389e-01   4.421255e-01   2.710195e-03   3.043871e-02 
    CSRD0018   1.716331e+01  -2.657052e-01   3.996381e-01   2.710195e-03   3.256838e-02 
        XC2E   1.729331e+01  -2.475707e-01   3.744042e-01   2.710195e-03   3.383323e-02 
        XC2E   1.742331e+01  -2.294362e-01   3.491702e-01   2.710195e-03   3.509807e-02 
    CSRD0019   1.889790e+01  -2.373664e-02   6.294147e-02   2.710195e-03   4.944522e-02 
         S3E   1.902290e+01  -6.299622e-03   3.869218e-02   2.710195e-03   5.066142e-02 
         S3E   1.914790e+01   1.113740e-02   1.445043e-02   2.710195e-03   5.187762e-02 
    CSRD0020   1.938760e+01   4.457463e-02  -3.203191e-02   2.710195e-03   5.420980e-02 
         Q4E   1.974470e+01   9.229043e-02  -9.730186e-02   2.710195e-03   5.740035e-02 
         Q4E   2.010180e+01   1.336795e-01  -1.496113e-01   2.710195e-03   5.980612e-02 
    CSRD0021   2.033120e+01   1.575982e-01  -1.775873e-01   2.710195e-03   6.105308e-02 
         Q4E   2.068830e+01   1.890036e-01  -2.087553e-01   2.710195e-03   6.245095e-02 
         Q4E   2.104539e+01   2.074523e-01  -2.127308e-01   2.710195e-03   6.294961e-02 
    CSRD0022   2.127479e+01   2.148203e-01  -2.060668e-01   2.710195e-03   6.306794e-02 
         Q4E   2.163189e+01   2.187953e-01  -1.812971e-01   2.710195e-03   6.311650e-02 
         Q4E   2.198899e+01   2.077715e-01  -1.291866e-01   2.710195e-03   6.331224e-02 
    CSRD0023   2.222869e+01   1.954505e-01  -8.584597e-02   2.710195e-03   6.362890e-02 
         M4E   2.222869e+01   1.954505e-01  -8.584597e-02   2.710195e-03   6.362890e-02 
       D6EA1   2.222869e+01   1.954505e-01  -8.584597e-02   2.710195e-03   6.362890e-02 
         S3E   2.235369e+01   1.890253e-01  -6.168251e-02   2.710195e-03   6.379403e-02 
         S3E   2.247869e+01   1.826001e-01  -3.453161e-02   2.710195e-03   6.395916e-02 
    CSRD0024   2.266627e+01   1.729582e-01   8.352466e-03   2.710195e-03   6.420697e-02 
        YC2E   2.273427e+01   1.694629e-01   2.389862e-02   2.710195e-03   6.429680e-02 
        YC2E   2.280227e+01   1.659676e-01   3.944478e-02   2.710195e-03   6.438663e-02 
    CSRD0025   2.295870e+01   1.579269e-01   7.520735e-02   2.710195e-03   6.459329e-02 
         Q5E   2.317290e+01   1.480720e-01   1.237064e-01   2.710195e-03   6.482101e-02 
         Q5E   2.338710e+01   1.404350e-01   1.718378e-01   2.710195e-03   6.495805e-02 
        DM5Q   2.338710e+01   1.404350e-01   1.718378e-01   2.710195e-03   6.495805e-02 
         M5E   2.338710e+01   1.404350e-01   1.718378e-01   2.710195e-03   6.495805e-02 
    CSRD0026   2.361640e+01   1.334032e-01   2.234661e-01   2.710195e-03   6.506587e-02 
         B3E   2.414510e+01   1.198919e-01   3.397680e-01   4.000012e-03   6.812369e-02 
       CB3LE   2.414510e+01   1.198919e-01   3.397680e-01   4.000012e-03   6.812369e-02 
    CSRD0027   2.435026e+01   1.156974e-01   3.838624e-01   4.000012e-03   6.816657e-02 
         M6E   2.435026e+01   1.156974e-01   3.838624e-01   4.000012e-03   6.816657e-02 
    CSRD0028   2.438690e+01   1.149482e-01   3.917382e-01   4.000012e-03   6.817423e-02 
         Q6E   2.454190e+01   1.133673e-01   4.290782e-01   4.000012e-03   6.818499e-02 
         MCE   2.454190e+01   1.133673e-01   4.290782e-01   4.000012e-03   6.818499e-02 
         Q6E   2.469690e+01   1.149482e-01   4.752159e-01   4.000012e-03   6.819575e-02 
    CSRD0029   2.493870e+01   1.198919e-01   5.546755e-01   4.000012e-03   6.824629e-02 
         B3E   2.546740e+01   1.334032e-01   7.257445e-01   5.289829e-03   7.496916e-02 
       CB3RE   2.546740e+01   1.334032e-01   7.257445e-01   5.289829e-03   7.496916e-02 
    CSRD0030   2.569670e+01   1.404350e-01   7.987526e-01   5.289829e-03   7.507698e-02 
         M7E   2.569670e+01   1.404350e-01   7.987526e-01   5.289829e-03   7.507698e-02 
        DM7Q   2.569670e+01   1.404350e-01   7.987526e-01   5.289829e-03   7.507698e-02 
        Q5ER   2.591090e+01   1.480719e-01   8.720359e-01   5.289829e-03   7.521402e-02 
        Q5ER   2.612510e+01   1.579269e-01   9.561609e-01   5.289829e-03   7.544174e-02 
    CSRD0031   2.631142e+01   1.675041e-01   1.034364e+00   5.289829e-03   7.568788e-02 
        YC3E   2.637942e+01   1.709994e-01   1.062906e+00   5.289829e-03   7.577772e-02 
        YC3E   2.644742e+01   1.744947e-01   1.091447e+00   5.289829e-03   7.586755e-02 
    CSRD0032   2.660510e+01   1.826000e-01   1.157631e+00   5.289829e-03   7.607586e-02 
         S3E   2.673010e+01   1.890252e-01   1.211523e+00   5.289829e-03   7.624099e-02 
         S3E   2.685510e+01   1.954504e-01   1.268403e+00   5.289829e-03   7.640613e-02 
       D6EA2   2.685510e+01   1.954504e-01   1.268403e+00   5.289829e-03   7.640613e-02 
         M8E   2.685510e+01   1.954504e-01   1.268403e+00   5.289829e-03   7.640613e-02 
    CSRD0033   2.709480e+01   2.077714e-01   1.380471e+00   5.289829e-03   7.672279e-02 
        Q4ER   2.745190e+01   2.187953e-01   1.505488e+00   5.289829e-03   7.691853e-02 
        Q4ER   2.780900e+01   2.148202e-01   1.542214e+00   5.289829e-03   7.696709e-02 
    CSRD0034   2.803840e+01   2.074523e-01   1.536571e+00   5.289829e-03   7.708541e-02 
        Q4ER   2.839550e+01   1.890035e-01   1.482159e+00   5.289829e-03   7.758407e-02 
        Q4ER   2.875260e+01   1.575982e-01   1.339025e+00   5.289829e-03   7.898195e-02 
    CSRD0035   2.898200e+01   1.336795e-01   1.219951e+00   5.289829e-03   8.022890e-02 
        Q4ER   2.933910e+01   9.229039e-02   9.990321e-01   5.289829e-03   8.263467e-02 
        Q4ER   2.969620e+01   4.457461e-02   7.159176e-01   5.289829e-03   8.582522e-02 
    CSRD0036   2.993590e+01   1.113738e-02   5.084335e-01   5.289829e-03   8.815740e-02 
         S3E   3.006090e+01  -6.299634e-03   4.002355e-01   5.289829e-03   8.937360e-02 
         S3E   3.018590e+01  -2.373665e-02   2.920451e-01   5.289829e-03   9.058980e-02 
    CSRD0037   3.166135e+01  -2.295562e-01  -9.848247e-01   5.289829e-03   1.049453e-01 
        XC3E   3.179135e+01  -2.476907e-01  -1.097328e+00   5.289829e-03   1.062102e-01 
        XC3E   3.192135e+01  -2.658252e-01  -1.209831e+00   5.289829e-03   1.074750e-01 
    CSRD0038   3.214255e+01  -2.966818e-01  -1.401260e+00   5.289829e-03   1.096272e-01 
         S2E   3.252355e+01  -3.498298e-01  -1.691353e+00   5.289829e-03   1.133342e-01 
         S2E   3.290455e+01  -4.029778e-01  -1.883094e+00   5.289829e-03   1.170411e-01 
    CSRD0039   3.314225e+01  -4.361360e-01  -1.965613e+00   5.289829e-03   1.193539e-01 
        Q3ER   3.349935e+01  -4.725047e-01  -2.043363e+00   5.289829e-03   1.212927e-01 
        Q3ER   3.385645e+01  -4.808107e-01  -2.027677e+00   5.289829e-03   1.214849e-01 
    CSRD0040   3.408585e+01  -4.769359e-01  -1.987688e+00   5.289829e-03   1.215176e-01 
        Q3ER   3.444295e+01  -4.568009e-01  -1.881063e+00   5.289829e-03   1.221769e-01 
        Q3ER   3.480005e+01  -4.095360e-01  -1.689713e+00   5.289829e-03   1.253838e-01 
    CSRD0041   3.498595e+01  -3.782906e-01  -1.569398e+00   5.289829e-03   1.280097e-01 
         M9E   3.498595e+01  -3.782906e-01  -1.569398e+00   5.289829e-03   1.280097e-01 
    CSRD0042   3.519850e+01  -3.425642e-01  -1.431827e+00   5.289829e-03   1.310122e-01 
         S1E   3.532350e+01  -3.215541e-01  -1.355147e+00   5.289829e-03   1.327779e-01 
         S1E   3.544850e+01  -3.005440e-01  -1.286227e+00   5.289829e-03   1.345436e-01 
    CSRD0043   3.555130e+01  -2.832653e-01  -1.232466e+00   5.289829e-03   1.359957e-01 
    CSRD0044   3.565130e+01  -2.664572e-01  -1.180169e+00   5.289829e-03   1.374082e-01 
        Q2ER   3.615130e+01  -1.967018e-01  -9.697216e-01   5.289829e-03   1.423355e-01 
        Q2ER   3.665130e+01  -1.505042e-01  -8.516221e-01   5.289829e-03   1.445043e-01 
    CSRD0045   3.684490e+01  -1.363868e-01  -8.224142e-01   5.289829e-03   1.450190e-01 
      MSEP2E   3.684490e+01  -1.363868e-01  -8.224142e-01   5.289829e-03   1.450190e-01 
         B2E   3.866980e+01  -3.327287e-02  -5.169747e-01   7.909613e-03   1.701514e-01 
       CB2RE   3.866980e+01  -3.327287e-02  -5.169747e-01   7.909613e-03   1.701514e-01 
    CSRD0046   3.893275e+01  -2.272657e-02  -4.686611e-01   7.909613e-03   1.703629e-01 
        XC4E   3.906275e+01  -1.751258e-02  -4.447753e-01   7.909613e-03   1.704674e-01 
        XC4E   3.919275e+01  -1.229859e-02  -4.208896e-01   7.909613e-03   1.705720e-01 
    CSRD0047   3.930675e+01  -7.726320e-03  -3.999436e-01   7.909613e-03   1.706637e-01 
        YC4E   3.943675e+01  -2.512329e-03  -3.760578e-01   7.909613e-03   1.707682e-01 
        YC4E   3.956675e+01   2.701661e-03  -3.521720e-01   7.909613e-03   1.708728e-01 
    CSRD0048   4.075191e+01   5.023560e-02  -1.344145e-01   7.909613e-03   1.718260e-01 
    CSRD0049   4.075191e+01   5.023564e-02  -1.344144e-01   7.909613e-03   1.718260e-01 
       WIG1E   4.099591e+01   6.002176e-02  -8.958206e-02   7.909867e-03   1.720223e-01 
    CSRD0050   4.112244e+01   6.509621e-02  -6.633429e-02   7.909867e-03   1.721244e-01 
       WIG2E   4.161044e+01   8.466732e-02   2.333249e-02   7.905743e-03   1.725215e-01 
    CSRD0051   4.173696e+01   8.974130e-02   4.658084e-02   7.905743e-03   1.726236e-01 
       WIG1E   4.198096e+01   9.952609e-02   9.141477e-02   7.905998e-03   1.728198e-01 
    CSRD0052   4.198097e+01   9.952613e-02   9.141495e-02   7.905998e-03   1.728198e-01 
    CSRD0053   4.216624e+01   1.069559e-01   1.254590e-01   7.905998e-03   1.729688e-01 
    P202432T   4.216624e+01   1.069559e-01   1.254590e-01   7.905998e-03   1.729688e-01 
    CSRD0054   4.246116e+01   1.187820e-01   1.796477e-01   7.905998e-03   1.732059e-01 
        Q1ER   4.275926e+01   1.261601e-01   2.315923e-01   7.905998e-03   1.733092e-01 
        Q1ER   4.305736e+01   1.241346e-01   2.756193e-01   7.905998e-03   1.733286e-01 
    CSRD0055   4.323604e+01   1.200971e-01   2.989486e-01   7.905998e-03   1.733742e-01 
        M11E   4.323604e+01   1.200971e-01   2.989486e-01   7.905998e-03   1.733742e-01 
    CSRD0056   4.415226e+01   9.939431e-02   4.185721e-01   7.905998e-03   1.736081e-01 
    T202452T   4.415226e+01   9.939431e-02   4.185721e-01   7.905998e-03   1.736081e-01 
    CSRD0057   4.802071e+01   1.198310e-02   9.236470e-01   7.905998e-03   1.745957e-01 
        B1RE   4.908380e+01  -2.652907e-05   1.050656e+00   7.995841e-03   1.970314e-01 
