Printout for SDDS file facet_noFF.mat

 ElementName        s             R16            T166           R56            T566     
                    m             m/1             m             m/1             m       
----------------------------------------------------------------------------------------
       _BEG_   0.000000e+00   0.000000e+00   0.000000e+00   0.000000e+00   0.000000e+00 
           C   0.000000e+00   0.000000e+00   0.000000e+00   0.000000e+00   0.000000e+00 
        B1LE   1.063090e+00   1.200675e-02  -1.200521e-02   9.040973e-05  -4.680550e-17 
       CB1LE   1.063090e+00   1.200675e-02  -1.200521e-02   9.040973e-05  -4.680550e-17 
    CSRD0001   4.929030e+00   9.935067e-02  -9.937142e-02   9.040973e-05   9.866891e-04 
    T202040T   4.929030e+00   9.935067e-02  -9.937142e-02   9.040973e-05   9.866891e-04 
    CSRD0002   5.533970e+00   1.130182e-01  -1.130424e-01   9.040973e-05   1.141086e-03 
    P202042T   5.533970e+00   1.130182e-01  -1.130424e-01   9.040973e-05   1.141086e-03 
    CSRD0003   5.873162e+00   1.206816e-01  -1.207078e-01   9.040973e-05   1.227656e-03 
         M1E   5.873162e+00   1.206816e-01  -1.207078e-01   9.040973e-05   1.227656e-03 
    CSRD0004   6.026445e+00   1.241448e-01  -1.241719e-01   9.040973e-05   1.266778e-03 
         Q1E   6.324545e+00   1.265934e-01  -1.223590e-01   9.040973e-05   1.287198e-03 
         Q1E   6.622645e+00   1.204555e-01  -1.037094e-01   9.040973e-05   1.360446e-03 
    CSRD0005   7.761545e+00   8.095128e-02  -1.903126e-03   9.040973e-05   2.045576e-03 
    CN202069   7.761545e+00   8.095128e-02  -1.903126e-03   9.040973e-05   2.045576e-03 
    CSRD0006   8.011545e+00   7.227969e-02   2.044437e-02   9.040973e-05   2.195968e-03 
    CH202072   8.011545e+00   7.227969e-02   2.044437e-02   9.040973e-05   2.195968e-03 
    CSRD0007   8.972445e+00   3.894959e-02   1.063392e-01   9.040973e-05   2.774018e-03 
    CV202082   8.972445e+00   3.894959e-02   1.063392e-01   9.040973e-05   2.774018e-03 
    CSRD0008   9.322445e+00   2.680937e-02   1.376257e-01   9.040973e-05   2.984568e-03 
    CH202085   9.322445e+00   2.680937e-02   1.376257e-01   9.040973e-05   2.984568e-03 
    CSRD0009   9.512445e+00   2.021896e-02   1.546098e-01   9.040973e-05   3.098866e-03 
        YC1E   9.642445e+00   1.570974e-02   1.662305e-01   9.040973e-05   3.177071e-03 
        YC1E   9.772445e+00   1.120052e-02   1.778512e-01   9.040973e-05   3.255275e-03 
    CSRD0010   9.886445e+00   7.246274e-03   1.880417e-01   9.040973e-05   3.323854e-03 
        XC1E   1.001645e+01   2.737050e-03   1.996624e-01   9.040973e-05   3.402058e-03 
        XC1E   1.014645e+01  -1.772174e-03   2.112831e-01   9.040973e-05   3.480263e-03 
    CSRD0011   1.041400e+01  -1.105250e-02   2.351994e-01   9.040973e-05   3.641213e-03 
         B2E   1.223890e+01  -1.042750e-01   4.281540e-01   1.818796e-03  -4.616069e-03 
       CB2LE   1.223890e+01  -1.042750e-01   4.281540e-01   1.818796e-03  -4.616069e-03 
      MSEP1E   1.223890e+01  -1.042750e-01   4.281540e-01   1.818796e-03  -4.616069e-03 
    CSRD0012   1.243250e+01  -1.173428e-01   4.518216e-01   1.818796e-03  -4.175035e-03 
         Q2E   1.293250e+01  -1.587901e-01   5.489888e-01   1.818796e-03  -2.435303e-03 
         Q2E   1.343250e+01  -2.192547e-01   7.311099e-01   1.818796e-03   1.261633e-03 
    CSRD0013   1.362615e+01  -2.472029e-01   8.213857e-01   1.818796e-03   3.278354e-03 
         S1E   1.375115e+01  -2.652427e-01   8.772513e-01   1.818796e-03   4.580096e-03 
         S1E   1.387615e+01  -2.832825e-01   9.278363e-01   1.818796e-03   5.881838e-03 
    CSRD0014   1.412656e+01  -3.194217e-01   1.023396e+00   1.818796e-03   8.489612e-03 
         M3E   1.412656e+01  -3.194217e-01   1.023396e+00   1.818796e-03   8.489612e-03 
    CSRD0015   1.428375e+01  -3.421060e-01   1.083379e+00   1.818796e-03   1.012649e-02 
         Q3E   1.464085e+01  -3.826490e-01   1.174176e+00   1.818796e-03   1.248670e-02 
         Q3E   1.499795e+01  -3.997783e-01   1.169834e+00   1.818796e-03   1.296591e-02 
    CSRD0016   1.522735e+01  -4.029575e-01   1.135922e+00   1.818796e-03   1.298794e-02 
         Q3E   1.558445e+01  -3.955277e-01   1.036604e+00   1.818796e-03   1.313646e-02 
         Q3E   1.594155e+01  -3.638961e-01   8.497803e-01   1.818796e-03   1.460184e-02 
    CSRD0017   1.618242e+01  -3.347522e-01   6.968946e-01   1.818796e-03   1.636493e-02 
         S2E   1.656342e+01  -2.886542e-01   5.105514e-01   1.818796e-03   1.915368e-02 
         S2E   1.694442e+01  -2.425563e-01   4.151242e-01   1.818796e-03   2.194242e-02 
    CSRD0018   1.716331e+01  -2.160728e-01   3.811003e-01   1.818796e-03   2.354456e-02 
        XC2E   1.729331e+01  -2.003438e-01   3.608929e-01   1.818796e-03   2.449610e-02 
        XC2E   1.742331e+01  -1.846149e-01   3.406856e-01   1.818796e-03   2.544764e-02 
    CSRD0019   1.889790e+01  -6.201404e-03   1.114739e-01   1.818796e-03   3.624094e-02 
         S3E   1.902290e+01   8.922597e-03   9.204439e-02   1.818796e-03   3.715588e-02 
         S3E   1.914790e+01   2.404660e-02   7.262459e-02   1.818796e-03   3.807083e-02 
    CSRD0020   1.938760e+01   5.304838e-02   3.541487e-02   1.818796e-03   3.982532e-02 
         Q4E   1.974470e+01   9.409516e-02  -1.841124e-02   1.818796e-03   4.218704e-02 
         Q4E   2.010180e+01   1.291197e-01  -6.506907e-02   1.818796e-03   4.391075e-02 
    CSRD0021   2.033120e+01   1.491794e-01  -9.156113e-02   1.818796e-03   4.478781e-02 
         Q4E   2.068830e+01   1.752981e-01  -1.243486e-01   1.818796e-03   4.575587e-02 
         Q4E   2.104539e+01   1.901975e-01  -1.380185e-01   1.818796e-03   4.608304e-02 
    CSRD0022   2.127479e+01   1.959200e-01  -1.401575e-01   1.818796e-03   4.615442e-02 
         Q4E   2.163189e+01   1.984632e-01  -1.326357e-01   1.818796e-03   4.618250e-02 
         Q4E   2.198899e+01   1.883044e-01  -1.039912e-01   1.818796e-03   4.634530e-02 
    CSRD0023   2.222869e+01   1.773232e-01  -7.811326e-02   1.818796e-03   4.659684e-02 
         M4E   2.222869e+01   1.773232e-01  -7.811326e-02   1.818796e-03   4.659684e-02 
       D6EA1   2.222869e+01   1.773232e-01  -7.811326e-02   1.818796e-03   4.659684e-02 
         S3E   2.235369e+01   1.715967e-01  -6.334417e-02   1.818796e-03   4.672801e-02 
         S3E   2.247869e+01   1.658702e-01  -4.613617e-02   1.818796e-03   4.685918e-02 
    CSRD0024   2.266627e+01   1.572768e-01  -1.856422e-02   1.818796e-03   4.705603e-02 
        YC2E   2.273427e+01   1.541616e-01  -8.568952e-03   1.818796e-03   4.712738e-02 
        YC2E   2.280227e+01   1.510463e-01   1.426316e-03   1.818796e-03   4.719874e-02 
    CSRD0025   2.295870e+01   1.438800e-01   2.441955e-02   1.818796e-03   4.736289e-02 
         Q5E   2.317290e+01   1.350861e-01   5.513735e-02   1.818796e-03   4.754420e-02 
         Q5E   2.338710e+01   1.282502e-01   8.469396e-02   1.818796e-03   4.765399e-02 
        DM5Q   2.338710e+01   1.282502e-01   8.469396e-02   1.818796e-03   4.765399e-02 
         M5E   2.338710e+01   1.282502e-01   8.469396e-02   1.818796e-03   4.765399e-02 
    CSRD0026   2.361640e+01   1.219426e-01   1.159044e-01   1.818796e-03   4.774074e-02 
         B3E   2.414510e+01   1.101012e-01   1.851362e-01   3.000012e-03   4.941863e-02 
       CB3LE   2.414510e+01   1.101012e-01   1.851362e-01   3.000012e-03   4.941863e-02 
    CSRD0027   2.435026e+01   1.065546e-01   2.109629e-01   3.000012e-03   4.944929e-02 
         M6E   2.435026e+01   1.065546e-01   2.109629e-01   3.000012e-03   4.944929e-02 
    CSRD0028   2.438690e+01   1.059212e-01   2.155759e-01   3.000012e-03   4.945476e-02 
         Q6E   2.454190e+01   1.045842e-01   2.365820e-01   3.000012e-03   4.946246e-02 
         MCE   2.454190e+01   1.045842e-01   2.365820e-01   3.000012e-03   4.946246e-02 
         Q6E   2.469690e+01   1.059212e-01   2.609571e-01   3.000012e-03   4.947015e-02 
    CSRD0029   2.493870e+01   1.101012e-01   3.019126e-01   3.000012e-03   4.950628e-02 
         B3E   2.546740e+01   1.219426e-01   3.887862e-01   4.181228e-03   5.317545e-02 
       CB3RE   2.546740e+01   1.219426e-01   3.887862e-01   4.181228e-03   5.317545e-02 
    CSRD0030   2.569670e+01   1.282502e-01   4.252807e-01   4.181228e-03   5.326221e-02 
         M7E   2.569670e+01   1.282502e-01   4.252807e-01   4.181228e-03   5.326221e-02 
        DM7Q   2.569670e+01   1.282502e-01   4.252807e-01   4.181228e-03   5.326221e-02 
        Q5ER   2.591090e+01   1.350861e-01   4.615915e-01   4.181228e-03   5.337199e-02 
        Q5ER   2.612510e+01   1.438800e-01   5.026325e-01   4.181228e-03   5.355330e-02 
    CSRD0031   2.631142e+01   1.524158e-01   5.405215e-01   4.181228e-03   5.374882e-02 
        YC3E   2.637942e+01   1.555310e-01   5.543496e-01   4.181228e-03   5.382018e-02 
        YC3E   2.644742e+01   1.586462e-01   5.681776e-01   4.181228e-03   5.389154e-02 
    CSRD0032   2.660510e+01   1.658702e-01   6.002434e-01   4.181228e-03   5.405701e-02 
         S3E   2.673010e+01   1.715967e-01   6.268282e-01   4.181228e-03   5.418818e-02 
         S3E   2.685510e+01   1.773232e-01   6.558520e-01   4.181228e-03   5.431935e-02 
       D6EA2   2.685510e+01   1.773232e-01   6.558520e-01   4.181228e-03   5.431935e-02 
         M8E   2.685510e+01   1.773232e-01   6.558520e-01   4.181228e-03   5.431935e-02 
    CSRD0033   2.709480e+01   1.883044e-01   7.139512e-01   4.181228e-03   5.457089e-02 
        Q4ER   2.745190e+01   1.984632e-01   7.829018e-01   4.181228e-03   5.473369e-02 
        Q4ER   2.780900e+01   1.959199e-01   8.143791e-01   4.181228e-03   5.476178e-02 
    CSRD0034   2.803840e+01   1.901974e-01   8.220071e-01   4.181228e-03   5.483315e-02 
        Q4ER   2.839550e+01   1.752981e-01   8.134083e-01   4.181228e-03   5.516032e-02 
        Q4ER   2.875260e+01   1.491794e-01   7.639092e-01   4.181228e-03   5.612838e-02 
    CSRD0035   2.898200e+01   1.291196e-01   7.191932e-01   4.181228e-03   5.700544e-02 
        Q4ER   2.933910e+01   9.409513e-02   6.310915e-01   4.181228e-03   5.872915e-02 
        Q4ER   2.969620e+01   5.304836e-02   5.085888e-01   4.181228e-03   6.109087e-02 
    CSRD0036   2.993590e+01   2.404658e-02   4.158868e-01   4.181228e-03   6.284536e-02 
         S3E   3.006090e+01   8.922582e-03   3.675596e-01   4.181228e-03   6.376031e-02 
         S3E   3.018590e+01  -6.201415e-03   3.192421e-01   4.181228e-03   6.467525e-02 
    CSRD0037   3.166135e+01  -1.847190e-01  -2.510714e-01   4.181228e-03   7.547485e-02 
        XC3E   3.179135e+01  -2.004480e-01  -3.013209e-01   4.181228e-03   7.642638e-02 
        XC3E   3.192135e+01  -2.161769e-01  -3.515705e-01   4.181228e-03   7.737792e-02 
    CSRD0038   3.214255e+01  -2.429404e-01  -4.370721e-01   4.181228e-03   7.899700e-02 
         S2E   3.252355e+01  -2.890383e-01  -5.480301e-01   4.181228e-03   8.178574e-02 
         S2E   3.290455e+01  -3.351363e-01  -5.678311e-01   4.181228e-03   8.457448e-02 
    CSRD0039   3.314225e+01  -3.638960e-01  -5.454875e-01   4.181228e-03   8.631434e-02 
        Q3ER   3.349935e+01  -3.955276e-01  -5.070909e-01   4.181228e-03   8.777972e-02 
        Q3ER   3.385645e+01  -4.029574e-01  -4.617437e-01   4.181228e-03   8.792823e-02 
    CSRD0040   3.408585e+01  -3.997782e-01  -4.311364e-01   4.181228e-03   8.795026e-02 
        Q3ER   3.444295e+01  -3.826489e-01  -3.829053e-01   4.181228e-03   8.842948e-02 
        Q3ER   3.480005e+01  -3.421059e-01  -3.345384e-01   4.181228e-03   9.078968e-02 
    CSRD0041   3.498595e+01  -3.152778e-01  -3.094698e-01   4.181228e-03   9.272558e-02 
         M9E   3.498595e+01  -3.152778e-01  -3.094698e-01   4.181228e-03   9.272558e-02 
    CSRD0042   3.519850e+01  -2.846021e-01  -2.808061e-01   4.181228e-03   9.493911e-02 
         S1E   3.532350e+01  -2.665623e-01  -2.668605e-01   4.181228e-03   9.624085e-02 
         S1E   3.544850e+01  -2.485225e-01  -2.582482e-01   4.181228e-03   9.754259e-02 
    CSRD0043   3.555130e+01  -2.336865e-01  -2.531640e-01   4.181228e-03   9.861315e-02 
    CSRD0044   3.565130e+01  -2.192547e-01  -2.482183e-01   4.181228e-03   9.965454e-02 
        Q2ER   3.615130e+01  -1.587901e-01  -2.260464e-01   4.181228e-03   1.033515e-01 
        Q2ER   3.665130e+01  -1.173428e-01  -2.117418e-01   4.181228e-03   1.050912e-01 
    CSRD0045   3.684490e+01  -1.042749e-01  -2.081745e-01   4.181228e-03   1.055322e-01 
      MSEP2E   3.684490e+01  -1.042749e-01  -2.081745e-01   4.181228e-03   1.055322e-01 
         B2E   3.866980e+01  -1.105248e-02  -1.444557e-01   5.909613e-03   1.139436e-01 
       CB2RE   3.866980e+01  -1.105248e-02  -1.444557e-01   5.909613e-03   1.139436e-01 
    CSRD0046   3.893275e+01  -1.931713e-03  -1.309700e-01   5.909613e-03   1.141018e-01 
        XC4E   3.906275e+01   2.577510e-03  -1.243028e-01   5.909613e-03   1.141800e-01 
        XC4E   3.919275e+01   7.086733e-03  -1.176357e-01   5.909613e-03   1.142582e-01 
    CSRD0047   3.930675e+01   1.104097e-02  -1.117891e-01   5.909613e-03   1.143268e-01 
        YC4E   3.943675e+01   1.555020e-02  -1.051219e-01   5.909613e-03   1.144050e-01 
        YC4E   3.956675e+01   2.005942e-02  -9.845472e-02   5.909613e-03   1.144832e-01 
    CSRD0048   4.075191e+01   6.116827e-02  -3.767265e-02   5.909613e-03   1.151961e-01 
    CSRD0049   4.075191e+01   6.116831e-02  -3.767260e-02   5.909613e-03   1.151961e-01 
       WIG1E   4.099591e+01   6.963160e-02  -2.515855e-02   5.909867e-03   1.153429e-01 
    CSRD0050   4.112244e+01   7.402009e-02  -1.866933e-02   5.909867e-03   1.154194e-01 
       WIG2E   4.161044e+01   9.094539e-02   6.360189e-03   5.905744e-03   1.157176e-01 
    CSRD0051   4.173696e+01   9.533337e-02   1.284994e-02   5.905744e-03   1.157941e-01 
       WIG1E   4.198096e+01   1.037952e-01   2.536548e-02   5.905998e-03   1.159408e-01 
    CSRD0052   4.198097e+01   1.037952e-01   2.536553e-02   5.905998e-03   1.159408e-01 
    CSRD0053   4.216624e+01   1.102204e-01   3.486917e-02   5.905998e-03   1.160522e-01 
    P202432T   4.216624e+01   1.102204e-01   3.486917e-02   5.905998e-03   1.160522e-01 
    CSRD0054   4.246116e+01   1.204475e-01   4.999636e-02   5.905998e-03   1.162295e-01 
        Q1ER   4.275926e+01   1.265832e-01   6.759655e-02   5.905998e-03   1.163027e-01 
        Q1ER   4.305736e+01   1.241333e-01   8.914873e-02   5.905998e-03   1.163232e-01 
    CSRD0055   4.323604e+01   1.200956e-01   1.029662e-01   5.905998e-03   1.163688e-01 
        M11E   4.323604e+01   1.200956e-01   1.029662e-01   5.905998e-03   1.163688e-01 
    CSRD0056   4.415226e+01   9.939232e-02   1.738167e-01   5.905998e-03   1.166027e-01 
    T202452T   4.415226e+01   9.939232e-02   1.738167e-01   5.905998e-03   1.166027e-01 
    CSRD0057   4.802071e+01   1.197866e-02   4.729621e-01   5.905998e-03   1.175903e-01 
        B1RE   4.908380e+01  -3.163994e-05   5.432696e-01   5.995733e-03   1.292044e-01 
