Printout for SDDS file facet_noFF.mat

 ElementName        s             R16            T166           R56            T566     
                    m             m/1             m             m/1             m       
----------------------------------------------------------------------------------------
       _BEG_   0.000000e+00   0.000000e+00   0.000000e+00   0.000000e+00   0.000000e+00 
           C   0.000000e+00   0.000000e+00   0.000000e+00   0.000000e+00   0.000000e+00 
        B1LE   1.063090e+00   1.200675e-02  -1.200521e-02   9.040973e-05  -4.680550e-17 
       CB1LE   1.063090e+00   1.200675e-02  -1.200521e-02   9.040973e-05  -4.680550e-17 
    CSRD0001   4.929030e+00   9.935067e-02  -9.937142e-02   9.040973e-05   9.866891e-04 
    T202040T   4.929030e+00   9.935067e-02  -9.937142e-02   9.040973e-05   9.866891e-04 
    CSRD0002   5.533970e+00   1.130182e-01  -1.130424e-01   9.040973e-05   1.141086e-03 
    P202042T   5.533970e+00   1.130182e-01  -1.130424e-01   9.040973e-05   1.141086e-03 
    CSRD0003   5.873162e+00   1.206816e-01  -1.207078e-01   9.040973e-05   1.227656e-03 
         M1E   5.873162e+00   1.206816e-01  -1.207078e-01   9.040973e-05   1.227656e-03 
    CSRD0004   6.026445e+00   1.241448e-01  -1.241719e-01   9.040973e-05   1.266778e-03 
         Q1E   6.324545e+00   1.270079e-01  -1.231836e-01   9.040973e-05   1.288991e-03 
         Q1E   6.622645e+00   1.220895e-01  -1.069067e-01   9.040973e-05   1.337890e-03 
    CSRD0005   7.761545e+00   8.866764e-02  -1.672897e-02   9.040973e-05   1.828285e-03 
    CN202069   7.761545e+00   8.866764e-02  -1.672897e-02   9.040973e-05   1.828285e-03 
    CSRD0006   8.011545e+00   8.133121e-02   3.065953e-03   9.040973e-05   1.935931e-03 
    CH202072   8.011545e+00   8.133121e-02   3.065953e-03   9.040973e-05   1.935931e-03 
    CSRD0007   8.972445e+00   5.313290e-02   7.914972e-02   9.040973e-05   2.349681e-03 
    CV202082   8.972445e+00   5.313290e-02   7.914972e-02   9.040973e-05   2.349681e-03 
    CSRD0008   9.322445e+00   4.286189e-02   1.068626e-01   9.040973e-05   2.500386e-03 
    CH202085   9.322445e+00   4.286189e-02   1.068626e-01   9.040973e-05   2.500386e-03 
    CSRD0009   9.512445e+00   3.728620e-02   1.219068e-01   9.040973e-05   2.582197e-03 
        YC1E   9.642445e+00   3.347126e-02   1.322001e-01   9.040973e-05   2.638174e-03 
        YC1E   9.772445e+00   2.965631e-02   1.424935e-01   9.040973e-05   2.694150e-03 
    CSRD0010   9.886445e+00   2.631090e-02   1.515200e-01   9.040973e-05   2.743237e-03 
        XC1E   1.001645e+01   2.249596e-02   1.618133e-01   9.040973e-05   2.799213e-03 
        XC1E   1.014645e+01   1.868101e-02   1.721067e-01   9.040973e-05   2.855189e-03 
    CSRD0011   1.041400e+01   1.082956e-02   1.932912e-01   9.040973e-05   2.970392e-03 
         B2E   1.223890e+01  -7.264856e-02   3.676615e-01   9.409135e-04  -4.078343e-03 
       CB2LE   1.223890e+01  -7.264856e-02   3.676615e-01   9.409135e-04  -4.078343e-03 
      MSEP1E   1.223890e+01  -7.264856e-02   3.676615e-01   9.409135e-04  -4.078343e-03 
    CSRD0012   1.243250e+01  -8.468246e-02   3.893508e-01   9.409135e-04  -3.704338e-03 
         Q2E   1.293250e+01  -1.214506e-01   4.755377e-01   9.409135e-04  -2.340256e-03 
         Q2E   1.343250e+01  -1.727641e-01   6.333657e-01   9.409135e-04   3.176433e-04 
    CSRD0013   1.362615e+01  -1.961798e-01   7.112143e-01   9.409135e-04   1.733286e-03 
         S1E   1.375115e+01  -2.112941e-01   7.599448e-01   9.409135e-04   2.647047e-03 
         S1E   1.387615e+01  -2.264083e-01   8.053240e-01   9.409135e-04   3.560808e-03 
    CSRD0014   1.412656e+01  -2.566866e-01   8.925497e-01   9.409135e-04   5.391342e-03 
         M3E   1.412656e+01  -2.566866e-01   8.925497e-01   9.409135e-04   5.391342e-03 
    CSRD0015   1.428375e+01  -2.756921e-01   9.473008e-01   9.409135e-04   6.540357e-03 
         Q3E   1.464085e+01  -3.096254e-01   1.030981e+00   9.409135e-04   8.194173e-03 
         Q3E   1.499795e+01  -3.238250e-01   1.029324e+00   9.409135e-04   8.525167e-03 
    CSRD0016   1.522735e+01  -3.263445e-01   1.000312e+00   9.409135e-04   8.539003e-03 
         Q3E   1.558445e+01  -3.198252e-01   9.133690e-01   9.409135e-04   8.649165e-03 
         Q3E   1.594155e+01  -2.929222e-01   7.479384e-01   9.409135e-04   9.708120e-03 
    CSRD0017   1.618242e+01  -2.682159e-01   6.123045e-01   9.409135e-04   1.097518e-02 
         S2E   1.656342e+01  -2.291370e-01   4.498278e-01   9.409135e-04   1.297932e-02 
         S2E   1.694442e+01  -1.900582e-01   3.715940e-01   9.409135e-04   1.498346e-02 
    CSRD0018   1.716331e+01  -1.676072e-01   3.456046e-01   9.409135e-04   1.613485e-02 
        XC2E   1.729331e+01  -1.542732e-01   3.301691e-01   9.409135e-04   1.681868e-02 
        XC2E   1.742331e+01  -1.409392e-01   3.147335e-01   9.409135e-04   1.750250e-02 
    CSRD0019   1.889790e+01   1.030813e-02   1.396484e-01   9.409135e-04   2.525916e-02 
         S3E   1.902290e+01   2.312927e-02   1.248156e-01   9.409135e-04   2.591669e-02 
         S3E   1.914790e+01   3.595042e-02   1.100290e-01   9.409135e-04   2.657422e-02 
    CSRD0020   1.938760e+01   6.053624e-02   8.175374e-02   9.409135e-04   2.783509e-02 
         Q4E   1.974470e+01   9.500840e-02   3.977056e-02   9.409135e-04   2.950149e-02 
         Q4E   2.010180e+01   1.238526e-01   1.031492e-03   9.409135e-04   3.067143e-02 
    CSRD0021   2.033120e+01   1.401872e-01  -2.191733e-02   9.409135e-04   3.125299e-02 
         Q4E   2.068830e+01   1.612111e-01  -5.225629e-02   9.409135e-04   3.188137e-02 
         Q4E   2.104539e+01   1.726854e-01  -6.999770e-02   9.409135e-04   3.207739e-02 
    CSRD0022   2.127479e+01   1.768118e-01  -7.690263e-02   9.409135e-04   3.211450e-02 
         Q4E   2.163189e+01   1.779347e-01  -7.999313e-02   9.409135e-04   3.212943e-02 
         Q4E   2.198899e+01   1.685175e-01  -6.785733e-02   9.409135e-04   3.226616e-02 
    CSRD0023   2.222869e+01   1.587494e-01  -5.480312e-02   9.409135e-04   3.246519e-02 
         M4E   2.222869e+01   1.587494e-01  -5.480312e-02   9.409135e-04   3.246519e-02 
       D6EA1   2.222869e+01   1.587494e-01  -5.480312e-02   9.409135e-04   3.246519e-02 
         S3E   2.235369e+01   1.536555e-01  -4.698383e-02   9.409135e-04   3.256898e-02 
         S3E   2.247869e+01   1.485616e-01  -3.722742e-02   9.409135e-04   3.267277e-02 
    CSRD0024   2.266627e+01   1.409175e-01  -2.119699e-02   9.409135e-04   3.282853e-02 
        YC2E   2.273427e+01   1.381464e-01  -1.538570e-02   9.409135e-04   3.288499e-02 
        YC2E   2.280227e+01   1.353753e-01  -9.574414e-03   9.409135e-04   3.294145e-02 
    CSRD0025   2.295870e+01   1.290007e-01   3.793939e-03   9.409135e-04   3.307134e-02 
         Q5E   2.317290e+01   1.211550e-01   2.128446e-02   9.409135e-04   3.321562e-02 
         Q5E   2.338710e+01   1.150068e-01   3.737380e-02   9.409135e-04   3.330439e-02 
        DM5Q   2.338710e+01   1.150068e-01   3.737380e-02   9.409135e-04   3.330439e-02 
         M5E   2.338710e+01   1.150068e-01   3.737380e-02   9.409135e-04   3.330439e-02 
    CSRD0026   2.361640e+01   1.093009e-01   5.396214e-02   9.409135e-04   3.337538e-02 
         B3E   2.414510e+01   9.884666e-02   8.948577e-02   2.000012e-03   3.421868e-02 
       CB3LE   2.414510e+01   9.884666e-02   8.948577e-02   2.000012e-03   3.421868e-02 
    CSRD0027   2.435026e+01   9.583839e-02   1.022301e-01   2.000012e-03   3.424073e-02 
         M6E   2.435026e+01   9.583839e-02   1.022301e-01   2.000012e-03   3.424073e-02 
    CSRD0028   2.438690e+01   9.530108e-02   1.045064e-01   2.000012e-03   3.424467e-02 
         Q6E   2.454190e+01   9.416693e-02   1.142914e-01   2.000012e-03   3.425021e-02 
         MCE   2.454190e+01   9.416693e-02   1.142914e-01   2.000012e-03   3.425021e-02 
         Q6E   2.469690e+01   9.530107e-02   1.245567e-01   2.000012e-03   3.425575e-02 
    CSRD0029   2.493870e+01   9.884666e-02   1.410644e-01   2.000012e-03   3.428174e-02 
         B3E   2.546740e+01   1.093008e-01   1.744775e-01   3.059110e-03   3.600449e-02 
       CB3RE   2.546740e+01   1.093008e-01   1.744775e-01   3.059110e-03   3.600449e-02 
    CSRD0030   2.569670e+01   1.150068e-01   1.877879e-01   3.059110e-03   3.607549e-02 
         M7E   2.569670e+01   1.150068e-01   1.877879e-01   3.059110e-03   3.607549e-02 
        DM7Q   2.569670e+01   1.150068e-01   1.877879e-01   3.059110e-03   3.607549e-02 
        Q5ER   2.591090e+01   1.211550e-01   2.007472e-01   3.059110e-03   3.616425e-02 
        Q5ER   2.612510e+01   1.290006e-01   2.148197e-01   3.059110e-03   3.630853e-02 
    CSRD0031   2.631142e+01   1.365935e-01   2.275706e-01   3.059110e-03   3.646324e-02 
        YC3E   2.637942e+01   1.393646e-01   2.322242e-01   3.059110e-03   3.651970e-02 
        YC3E   2.644742e+01   1.421357e-01   2.368778e-01   3.059110e-03   3.657617e-02 
    CSRD0032   2.660510e+01   1.485615e-01   2.476689e-01   3.059110e-03   3.670710e-02 
         S3E   2.673010e+01   1.536555e-01   2.571494e-01   3.059110e-03   3.681089e-02 
         S3E   2.685510e+01   1.587494e-01   2.685670e-01   3.059110e-03   3.691468e-02 
       D6EA2   2.685510e+01   1.587494e-01   2.685670e-01   3.059110e-03   3.691468e-02 
         M8E   2.685510e+01   1.587494e-01   2.685670e-01   3.059110e-03   3.691468e-02 
    CSRD0033   2.709480e+01   1.685175e-01   2.924014e-01   3.059110e-03   3.711371e-02 
        Q4ER   2.745190e+01   1.779347e-01   3.240078e-01   3.059110e-03   3.725044e-02 
        Q4ER   2.780900e+01   1.768117e-01   3.469089e-01   3.059110e-03   3.726538e-02 
    CSRD0034   2.803840e+01   1.726854e-01   3.585231e-01   3.059110e-03   3.730249e-02 
        Q4ER   2.839550e+01   1.612110e-01   3.708308e-01   3.059110e-03   3.749850e-02 
        Q4ER   2.875260e+01   1.401871e-01   3.706740e-01   3.059110e-03   3.812688e-02 
    CSRD0035   2.898200e+01   1.238526e-01   3.662925e-01   3.059110e-03   3.870844e-02 
        Q4ER   2.933910e+01   9.500837e-02   3.520897e-01   3.059110e-03   3.987838e-02 
        Q4ER   2.969620e+01   6.053622e-02   3.226305e-01   3.059110e-03   4.154478e-02 
    CSRD0036   2.993590e+01   3.595040e-02   2.976348e-01   3.059110e-03   4.280565e-02 
         S3E   3.006090e+01   2.312925e-02   2.846415e-01   3.059110e-03   4.346318e-02 
         S3E   3.018590e+01   1.030811e-02   2.716943e-01   3.059110e-03   4.412071e-02 
    CSRD0037   3.166135e+01  -1.410275e-01   1.189783e-01   3.059110e-03   5.188189e-02 
        XC3E   3.179135e+01  -1.543615e-01   1.055227e-01   3.059110e-03   5.256572e-02 
        XC3E   3.192135e+01  -1.676955e-01   9.206704e-02   3.059110e-03   5.324955e-02 
    CSRD0038   3.214255e+01  -1.903838e-01   6.917179e-02   3.059110e-03   5.441311e-02 
         S2E   3.252355e+01  -2.294626e-01   6.283795e-02   3.059110e-03   5.641725e-02 
         S2E   3.290455e+01  -2.685415e-01   1.409855e-01   3.059110e-03   5.842139e-02 
    CSRD0039   3.314225e+01  -2.929222e-01   2.223028e-01   3.059110e-03   5.967174e-02 
        Q3ER   3.349935e+01  -3.198252e-01   3.264090e-01   3.059110e-03   6.073070e-02 
        Q3ER   3.385645e+01  -3.263445e-01   3.894371e-01   3.059110e-03   6.084086e-02 
    CSRD0040   3.408585e+01  -3.238249e-01   4.155604e-01   3.059110e-03   6.085469e-02 
        Q3ER   3.444295e+01  -3.096253e-01   4.323275e-01   3.059110e-03   6.118569e-02 
        Q3ER   3.480005e+01  -2.756921e-01   4.019126e-01   3.059110e-03   6.283950e-02 
    CSRD0041   3.498595e+01  -2.532148e-01   3.743312e-01   3.059110e-03   6.419841e-02 
         M9E   3.498595e+01  -2.532148e-01   3.743312e-01   3.059110e-03   6.419841e-02 
    CSRD0042   3.519850e+01  -2.275139e-01   3.427942e-01   3.059110e-03   6.575221e-02 
         S1E   3.532350e+01  -2.123997e-01   3.223912e-01   3.059110e-03   6.666597e-02 
         S1E   3.544850e+01  -1.972854e-01   2.986019e-01   3.059110e-03   6.757973e-02 
    CSRD0043   3.555130e+01  -1.848555e-01   2.777747e-01   3.059110e-03   6.833121e-02 
    CSRD0044   3.565130e+01  -1.727641e-01   2.575149e-01   3.059110e-03   6.906222e-02 
        Q2ER   3.615130e+01  -1.214506e-01   1.788602e-01   3.059110e-03   7.172012e-02 
        Q2ER   3.665130e+01  -8.468243e-02   1.363154e-01   3.059110e-03   7.308420e-02 
    CSRD0045   3.684490e+01  -7.264853e-02   1.254424e-01   3.059110e-03   7.345820e-02 
      MSEP2E   3.684490e+01  -7.264853e-02   1.254424e-01   3.059110e-03   7.345820e-02 
         B2E   3.866980e+01   1.082958e-02   5.300911e-02   3.909613e-03   7.268494e-02 
       CB2RE   3.866980e+01   1.082958e-02   5.300911e-02   3.909613e-03   7.268494e-02 
    CSRD0046   3.893275e+01   1.854603e-02   4.687956e-02   3.909613e-03   7.279816e-02 
        XC4E   3.906275e+01   2.236098e-02   4.384916e-02   3.909613e-03   7.285414e-02 
        XC4E   3.919275e+01   2.617592e-02   4.081877e-02   3.909613e-03   7.291012e-02 
    CSRD0047   3.930675e+01   2.952133e-02   3.816135e-02   3.909613e-03   7.295920e-02 
        YC4E   3.943675e+01   3.333628e-02   3.513096e-02   3.909613e-03   7.301518e-02 
        YC4E   3.956675e+01   3.715122e-02   3.210057e-02   3.909613e-03   7.307116e-02 
    CSRD0048   4.075191e+01   7.193060e-02   4.473643e-03   3.909613e-03   7.358147e-02 
    CSRD0049   4.075191e+01   7.193063e-02   4.473619e-03   3.909613e-03   7.358147e-02 
       WIG1E   4.099591e+01   7.909078e-02  -1.214012e-03   3.909867e-03   7.368653e-02 
    CSRD0050   4.112244e+01   8.280352e-02  -4.163201e-03   3.909867e-03   7.374139e-02 
       WIG2E   4.161044e+01   9.712238e-02  -1.553718e-02   3.905744e-03   7.395610e-02 
    CSRD0051   4.173696e+01   1.008346e-01  -1.848578e-02   3.905744e-03   7.401095e-02 
       WIG1E   4.198096e+01   1.079931e-01  -2.417173e-02   3.905998e-03   7.411596e-02 
    CSRD0052   4.198097e+01   1.079931e-01  -2.417176e-02   3.905998e-03   7.411596e-02 
    CSRD0053   4.216624e+01   1.134287e-01  -2.848905e-02   3.905998e-03   7.419569e-02 
    P202432T   4.216624e+01   1.134287e-01  -2.848905e-02   3.905998e-03   7.419569e-02 
    CSRD0054   4.246116e+01   1.220805e-01  -3.536100e-02   3.905998e-03   7.432260e-02 
        Q1ER   4.275926e+01   1.269966e-01  -3.734313e-02   3.905998e-03   7.437146e-02 
        Q1ER   4.305736e+01   1.241320e-01  -2.929652e-02   3.905998e-03   7.439369e-02 
    CSRD0055   4.323604e+01   1.200942e-01  -2.154730e-02   3.905998e-03   7.443931e-02 
        M11E   4.323604e+01   1.200942e-01  -2.154730e-02   3.905998e-03   7.443931e-02 
    CSRD0056   4.415226e+01   9.939023e-02   1.818773e-02   3.905998e-03   7.467324e-02 
    T202452T   4.415226e+01   9.939023e-02   1.818773e-02   3.905998e-03   7.467324e-02 
    CSRD0057   4.802071e+01   1.197382e-02   1.859571e-01   3.905998e-03   7.566092e-02 
        B1RE   4.908380e+01  -3.724149e-05   2.200909e-01   3.995615e-03   8.038295e-02 
