Printout for SDDS file facet_noFF.mat

 ElementName        s             R16            T166           R56            T566     
                    m             m/1             m             m/1             m       
----------------------------------------------------------------------------------------
       _BEG_   0.000000e+00   0.000000e+00   0.000000e+00   0.000000e+00   0.000000e+00 
           C   0.000000e+00   0.000000e+00   0.000000e+00   0.000000e+00   0.000000e+00 
        B1LE   1.063090e+00   1.200675e-02  -1.200521e-02   9.040973e-05  -4.680550e-17 
       CB1LE   1.063090e+00   1.200675e-02  -1.200521e-02   9.040973e-05  -4.680550e-17 
    CSRD0001   4.929030e+00   9.935067e-02  -9.937142e-02   9.040973e-05   9.866891e-04 
    T202040T   4.929030e+00   9.935067e-02  -9.937142e-02   9.040973e-05   9.866891e-04 
    CSRD0002   5.533970e+00   1.130182e-01  -1.130424e-01   9.040973e-05   1.141086e-03 
    P202042T   5.533970e+00   1.130182e-01  -1.130424e-01   9.040973e-05   1.141086e-03 
    CSRD0003   5.873162e+00   1.206816e-01  -1.207078e-01   9.040973e-05   1.227656e-03 
         M1E   5.873162e+00   1.206816e-01  -1.207078e-01   9.040973e-05   1.227656e-03 
    CSRD0004   6.026445e+00   1.241448e-01  -1.241719e-01   9.040973e-05   1.266778e-03 
         Q1E   6.324545e+00   1.259541e-01  -1.210882e-01   9.040973e-05   1.285935e-03 
         Q1E   6.622645e+00   1.179466e-01  -9.881424e-02   9.040973e-05   1.406483e-03 
    CSRD0005   7.761545e+00   6.915734e-02   2.063063e-02   9.040973e-05   2.451522e-03 
    CN202069   7.761545e+00   6.915734e-02   2.063063e-02   9.040973e-05   2.451522e-03 
    CSRD0006   8.011545e+00   5.844761e-02   4.684999e-02   9.040973e-05   2.680919e-03 
    CH202072   8.011545e+00   5.844761e-02   4.684999e-02   9.040973e-05   2.680919e-03 
    CSRD0007   8.972445e+00   1.728370e-02   1.476267e-01   9.040973e-05   3.562627e-03 
    CV202082   8.972445e+00   1.728370e-02   1.476267e-01   9.040973e-05   3.562627e-03 
    CSRD0008   9.322445e+00   2.290074e-03   1.843338e-01   9.040973e-05   3.883783e-03 
    CH202085   9.322445e+00   2.290074e-03   1.843338e-01   9.040973e-05   3.883783e-03 
    CSRD0009   9.512445e+00  -5.849321e-03   2.042605e-01   9.040973e-05   4.058124e-03 
        YC1E   9.642445e+00  -1.141838e-02   2.178945e-01   9.040973e-05   4.177410e-03 
        YC1E   9.772445e+00  -1.698744e-02   2.315286e-01   9.040973e-05   4.296697e-03 
    CSRD0010   9.886445e+00  -2.187108e-02   2.434846e-01   9.040973e-05   4.401302e-03 
        XC1E   1.001645e+01  -2.744014e-02   2.571187e-01   9.040973e-05   4.520588e-03 
        XC1E   1.014645e+01  -3.300920e-02   2.707528e-01   9.040973e-05   4.639874e-03 
    CSRD0011   1.041400e+01  -4.447075e-02   2.988127e-01   9.040973e-05   4.885374e-03 
         B2E   1.223890e+01  -1.525682e-01   5.199399e-01   3.159389e-03  -5.101396e-03 
       CB2LE   1.223890e+01  -1.525682e-01   5.199399e-01   3.159389e-03  -5.101396e-03 
      MSEP1E   1.223890e+01  -1.525682e-01   5.199399e-01   3.159389e-03  -5.101396e-03 
    CSRD0012   1.243250e+01  -1.672144e-01   5.466087e-01   3.159389e-03  -4.547391e-03 
         Q2E   1.293250e+01  -2.158054e-01   6.604545e-01   3.159389e-03  -2.144275e-03 
         Q2E   1.343250e+01  -2.902421e-01   8.794994e-01   3.159389e-03   3.469936e-03 
    CSRD0013   1.362615e+01  -3.251107e-01   9.886665e-01   3.159389e-03   6.609048e-03 
         S1E   1.375115e+01  -3.476174e-01   1.054981e+00   3.159389e-03   8.635265e-03 
         S1E   1.387615e+01  -3.701242e-01   1.112227e+00   3.159389e-03   1.066148e-02 
    CSRD0014   1.412656e+01  -4.152119e-01   1.217026e+00   3.159389e-03   1.472059e-02 
         M3E   1.412656e+01  -4.152119e-01   1.217026e+00   3.159389e-03   1.472059e-02 
    CSRD0015   1.428375e+01  -4.435132e-01   1.282808e+00   3.159389e-03   1.726847e-02 
         Q3E   1.464085e+01  -4.941771e-01   1.379615e+00   3.159389e-03   2.095262e-02 
         Q3E   1.499795e+01  -5.158627e-01   1.366686e+00   3.159389e-03   2.171564e-02 
    CSRD0016   1.522735e+01  -5.201190e-01   1.322580e+00   3.159389e-03   2.175512e-02 
         Q3E   1.558445e+01  -5.114298e-01   1.200576e+00   3.159389e-03   2.196991e-02 
         Q3E   1.594155e+01  -4.727507e-01   9.783288e-01   3.159389e-03   2.416396e-02 
    CSRD0017   1.618242e+01  -4.369603e-01   7.976451e-01   3.159389e-03   2.682292e-02 
         S2E   1.656342e+01  -3.803494e-01   5.733829e-01   3.159389e-03   3.102868e-02 
         S2E   1.694442e+01  -3.237385e-01   4.512404e-01   3.159389e-03   3.523445e-02 
    CSRD0018   1.716331e+01  -2.912153e-01   4.048190e-01   3.159389e-03   3.765067e-02 
        XC2E   1.729331e+01  -2.718993e-01   3.772485e-01   3.159389e-03   3.908571e-02 
        XC2E   1.742331e+01  -2.525832e-01   3.496780e-01   3.159389e-03   4.052075e-02 
    CSRD0019   1.889790e+01  -3.348144e-02   3.694659e-02   3.159389e-03   5.679837e-02 
         S3E   1.902290e+01  -1.490831e-02   1.046861e-02   3.159389e-03   5.817821e-02 
         S3E   1.914790e+01   3.664811e-03  -1.598587e-02   3.159389e-03   5.955805e-02 
    CSRD0020   1.938760e+01   3.928063e-02  -6.671292e-02   3.159389e-03   6.220404e-02 
         Q4E   1.974470e+01   9.032035e-02  -1.370170e-01   3.159389e-03   6.585411e-02 
         Q4E   2.010180e+01   1.349595e-01  -1.912490e-01   3.159389e-03   6.865181e-02 
    CSRD0021   2.033120e+01   1.608704e-01  -2.193186e-01   3.159389e-03   7.011514e-02 
         Q4E   2.068830e+01   1.950276e-01  -2.485835e-01   3.159389e-03   7.176779e-02 
         Q4E   2.104539e+01   2.153642e-01  -2.464940e-01   3.159389e-03   7.237220e-02 
    CSRD0022   2.127479e+01   2.236240e-01  -2.346252e-01   3.159389e-03   7.252090e-02 
         Q4E   2.163189e+01   2.284061e-01  -2.000265e-01   3.159389e-03   7.258365e-02 
         Q4E   2.198899e+01   2.170022e-01  -1.351633e-01   3.159389e-03   7.279557e-02 
    CSRD0023   2.222869e+01   2.040328e-01  -8.250294e-02   3.159389e-03   7.314644e-02 
         M4E   2.222869e+01   2.040328e-01  -8.250294e-02   3.159389e-03   7.314644e-02 
       D6EA1   2.222869e+01   2.040328e-01  -8.250294e-02   3.159389e-03   7.314644e-02 
         S3E   2.235369e+01   1.972694e-01  -5.333153e-02   3.159389e-03   7.332941e-02 
         S3E   2.247869e+01   1.905061e-01  -2.089122e-02   3.159389e-03   7.351238e-02 
    CSRD0024   2.266627e+01   1.803568e-01   3.013107e-02   3.159389e-03   7.378696e-02 
        YC2E   2.273427e+01   1.766775e-01   4.862745e-02   3.159389e-03   7.388649e-02 
        YC2E   2.280227e+01   1.729983e-01   6.712384e-02   3.159389e-03   7.398603e-02 
    CSRD0025   2.295870e+01   1.645344e-01   1.096731e-01   3.159389e-03   7.421501e-02 
         Q5E   2.317290e+01   1.541676e-01   1.676948e-01   3.159389e-03   7.446701e-02 
         Q5E   2.338710e+01   1.461474e-01   2.259194e-01   3.159389e-03   7.461817e-02 
        DM5Q   2.338710e+01   1.461474e-01   2.259194e-01   3.159389e-03   7.461817e-02 
         M5E   2.338710e+01   1.461474e-01   2.259194e-01   3.159389e-03   7.461817e-02 
    CSRD0026   2.361640e+01   1.387712e-01   2.887189e-01   3.159389e-03   7.473681e-02 
         B3E   2.414510e+01   1.244658e-01   4.307746e-01   4.500012e-03   7.861406e-02 
       CB3LE   2.414510e+01   1.244658e-01   4.307746e-01   4.500012e-03   7.861406e-02 
    CSRD0027   2.435026e+01   1.199631e-01   4.848639e-01   4.500012e-03   7.866347e-02 
         M6E   2.435026e+01   1.199631e-01   4.848639e-01   4.500012e-03   7.866347e-02 
    CSRD0028   2.438690e+01   1.191589e-01   4.945248e-01   4.500012e-03   7.867229e-02 
         Q6E   2.454190e+01   1.174620e-01   5.410221e-01   4.500012e-03   7.868469e-02 
         MCE   2.454190e+01   1.174620e-01   5.410221e-01   4.500012e-03   7.868469e-02 
         Q6E   2.469690e+01   1.191589e-01   5.997489e-01   4.500012e-03   7.869709e-02 
    CSRD0029   2.493870e+01   1.244658e-01   7.017209e-01   4.500012e-03   7.875532e-02 
         B3E   2.546740e+01   1.387711e-01   9.220165e-01   5.840635e-03   8.725354e-02 
       CB3RE   2.546740e+01   1.387711e-01   9.220165e-01   5.840635e-03   8.725354e-02 
    CSRD0030   2.569670e+01   1.461473e-01   1.016373e+00   5.840635e-03   8.737218e-02 
         M7E   2.569670e+01   1.461473e-01   1.016373e+00   5.840635e-03   8.737218e-02 
        DM7Q   2.569670e+01   1.461473e-01   1.016373e+00   5.840635e-03   8.737218e-02 
        Q5ER   2.591090e+01   1.541676e-01   1.111344e+00   5.840635e-03   8.752334e-02 
        Q5ER   2.612510e+01   1.645344e-01   1.220882e+00   5.840635e-03   8.777535e-02 
    CSRD0031   2.631142e+01   1.746157e-01   1.322921e+00   5.840635e-03   8.804808e-02 
        YC3E   2.637942e+01   1.782949e-01   1.360161e+00   5.840635e-03   8.814762e-02 
        YC3E   2.644742e+01   1.819742e-01   1.397402e+00   5.840635e-03   8.824715e-02 
    CSRD0032   2.660510e+01   1.905060e-01   1.483758e+00   5.840635e-03   8.847797e-02 
         S3E   2.673010e+01   1.972694e-01   1.553775e+00   5.840635e-03   8.866094e-02 
         S3E   2.685510e+01   2.040328e-01   1.627061e+00   5.840635e-03   8.884391e-02 
       D6EA2   2.685510e+01   2.040328e-01   1.627061e+00   5.840635e-03   8.884391e-02 
         M8E   2.685510e+01   2.040328e-01   1.627061e+00   5.840635e-03   8.884391e-02 
    CSRD0033   2.709480e+01   2.170022e-01   1.770873e+00   5.840635e-03   8.919478e-02 
        Q4ER   2.745190e+01   2.284061e-01   1.927709e+00   5.840635e-03   8.940670e-02 
        Q4ER   2.780900e+01   2.236240e-01   1.964028e+00   5.840635e-03   8.946945e-02 
    CSRD0034   2.803840e+01   2.153641e-01   1.947617e+00   5.840635e-03   8.961815e-02 
        Q4ER   2.839550e+01   1.950275e-01   1.860799e+00   5.840635e-03   9.022256e-02 
        Q4ER   2.875260e+01   1.608704e-01   1.655853e+00   5.840635e-03   9.187521e-02 
    CSRD0035   2.898200e+01   1.349595e-01   1.488470e+00   5.840635e-03   9.333854e-02 
        Q4ER   2.933910e+01   9.032031e-02   1.182533e+00   5.840635e-03   9.613624e-02 
        Q4ER   2.969620e+01   3.928061e-02   7.991579e-01   5.840635e-03   9.978630e-02 
    CSRD0036   2.993590e+01   3.664795e-03   5.208683e-01   5.840635e-03   1.024323e-01 
         S3E   3.006090e+01  -1.490832e-02   3.757454e-01   5.840635e-03   1.038121e-01 
         S3E   3.018590e+01  -3.348144e-02   2.306461e-01   5.840635e-03   1.051920e-01 
    CSRD0037   3.166135e+01  -2.527111e-01  -1.481670e+00   5.840635e-03   1.214791e-01 
        XC3E   3.179135e+01  -2.720271e-01  -1.632540e+00   5.840635e-03   1.229141e-01 
        XC3E   3.192135e+01  -2.913432e-01  -1.783410e+00   5.840635e-03   1.243492e-01 
    CSRD0038   3.214255e+01  -3.242102e-01  -2.040121e+00   5.840635e-03   1.267909e-01 
         S2E   3.252355e+01  -3.808210e-01  -2.440832e+00   5.840635e-03   1.309967e-01 
         S2E   3.290455e+01  -4.374319e-01  -2.739172e+00   5.840635e-03   1.352025e-01 
    CSRD0039   3.314225e+01  -4.727506e-01  -2.886826e+00   5.840635e-03   1.378264e-01 
        Q3ER   3.349935e+01  -5.114297e-01  -3.036147e+00   5.840635e-03   1.400204e-01 
        Q3ER   3.385645e+01  -5.201188e-01  -3.037271e+00   5.840635e-03   1.402352e-01 
    CSRD0040   3.408585e+01  -5.158626e-01  -2.990115e+00   5.840635e-03   1.402747e-01 
        Q3ER   3.444295e+01  -4.941770e-01  -2.844744e+00   5.840635e-03   1.410377e-01 
        Q3ER   3.480005e+01  -4.435130e-01  -2.561394e+00   5.840635e-03   1.447219e-01 
    CSRD0041   3.498595e+01  -4.100419e-01  -2.380084e+00   5.840635e-03   1.477352e-01 
         M9E   3.498595e+01  -4.100419e-01  -2.380084e+00   5.840635e-03   1.477352e-01 
    CSRD0042   3.519850e+01  -3.717705e-01  -2.172771e+00   5.840635e-03   1.511806e-01 
         S1E   3.532350e+01  -3.492638e-01  -2.055831e+00   5.840635e-03   1.532068e-01 
         S1E   3.544850e+01  -3.267570e-01  -1.948046e+00   5.840635e-03   1.552330e-01 
    CSRD0043   3.555130e+01  -3.082474e-01  -1.862850e+00   5.840635e-03   1.568994e-01 
    CSRD0044   3.565130e+01  -2.902420e-01  -1.779975e+00   5.840635e-03   1.585204e-01 
        Q2ER   3.615130e+01  -2.158053e-01  -1.448198e+00   5.840635e-03   1.641346e-01 
        Q2ER   3.665130e+01  -1.672143e-01  -1.263761e+00   5.840635e-03   1.665377e-01 
    CSRD0045   3.684490e+01  -1.525681e-01  -1.218344e+00   5.840635e-03   1.670917e-01 
      MSEP2E   3.684490e+01  -1.525681e-01  -1.218344e+00   5.840635e-03   1.670917e-01 
         B2E   3.866980e+01  -4.447072e-02  -7.601017e-01   8.909612e-03   2.029970e-01 
       CB2RE   3.866980e+01  -4.447072e-02  -7.601017e-01   8.909612e-03   2.029970e-01 
    CSRD0046   3.893275e+01  -3.320623e-02  -6.897712e-01   8.909612e-03   2.032382e-01 
        XC4E   3.906275e+01  -2.763717e-02  -6.550005e-01   8.909612e-03   2.033575e-01 
        XC4E   3.919275e+01  -2.206811e-02  -6.202297e-01   8.909612e-03   2.034768e-01 
    CSRD0047   3.930675e+01  -1.718448e-02  -5.897385e-01   8.909612e-03   2.035814e-01 
        YC4E   3.943675e+01  -1.161542e-02  -5.549677e-01   8.909612e-03   2.037007e-01 
        YC4E   3.956675e+01  -6.046359e-03  -5.201970e-01   8.909612e-03   2.038200e-01 
    CSRD0048   4.075191e+01   4.472460e-02  -2.032055e-01   8.909612e-03   2.049075e-01 
    CSRD0049   4.075191e+01   4.472465e-02  -2.032052e-01   8.909612e-03   2.049075e-01 
       WIG1E   4.099591e+01   5.517721e-02  -1.379425e-01   8.909867e-03   2.051314e-01 
    CSRD0050   4.112244e+01   6.059726e-02  -1.041006e-01   8.909867e-03   2.052478e-01 
       WIG2E   4.161044e+01   8.150135e-02   2.642767e-02   8.905743e-03   2.057002e-01 
    CSRD0051   4.173696e+01   8.692095e-02   6.027026e-02   8.905743e-03   2.058167e-01 
       WIG1E   4.198096e+01   9.737226e-02   1.255349e-01   8.905997e-03   2.060405e-01 
    CSRD0052   4.198097e+01   9.737230e-02   1.255351e-01   8.905997e-03   2.060405e-01 
    CSRD0053   4.216624e+01   1.053081e-01   1.750928e-01   8.905997e-03   2.062105e-01 
    P202432T   4.216624e+01   1.053081e-01   1.750928e-01   8.905997e-03   2.062105e-01 
    CSRD0054   4.246116e+01   1.179398e-01   2.539751e-01   8.905997e-03   2.064810e-01 
        Q1ER   4.275926e+01   1.259456e-01   3.275058e-01   8.905997e-03   2.066015e-01 
        Q1ER   4.305736e+01   1.241352e-01   3.852626e-01   8.905997e-03   2.066206e-01 
    CSRD0055   4.323604e+01   1.200977e-01   4.141929e-01   8.905997e-03   2.066663e-01 
        M11E   4.323604e+01   1.200977e-01   4.141929e-01   8.905997e-03   2.066663e-01 
    CSRD0056   4.415226e+01   9.939526e-02   5.625363e-01   8.905997e-03   2.069002e-01 
    T202452T   4.415226e+01   9.939526e-02   5.625363e-01   8.905997e-03   2.069002e-01 
    CSRD0057   4.802071e+01   1.198515e-02   1.188872e+00   8.905997e-03   2.078877e-01 
        B1RE   4.908380e+01  -2.417380e-05   1.349270e+00   8.995890e-03   2.366920e-01 
