Printout for SDDS file facet_noFF.mat

 ElementName        s             R16            T166           R56            T566     
                    m             m/1             m             m/1             m       
----------------------------------------------------------------------------------------
       _BEG_   0.000000e+00   0.000000e+00   0.000000e+00   0.000000e+00   0.000000e+00 
           C   0.000000e+00   0.000000e+00   0.000000e+00   0.000000e+00   0.000000e+00 
        B1LE   1.063090e+00   1.200675e-02  -1.200521e-02   9.040973e-05  -4.680550e-17 
       CB1LE   1.063090e+00   1.200675e-02  -1.200521e-02   9.040973e-05  -4.680550e-17 
    CSRD0001   4.929030e+00   9.935067e-02  -9.937142e-02   9.040973e-05   9.866891e-04 
    T202040T   4.929030e+00   9.935067e-02  -9.937142e-02   9.040973e-05   9.866891e-04 
    CSRD0002   5.533970e+00   1.130182e-01  -1.130424e-01   9.040973e-05   1.141086e-03 
    P202042T   5.533970e+00   1.130182e-01  -1.130424e-01   9.040973e-05   1.141086e-03 
    CSRD0003   5.873162e+00   1.206816e-01  -1.207078e-01   9.040973e-05   1.227656e-03 
         M1E   5.873162e+00   1.206816e-01  -1.207078e-01   9.040973e-05   1.227656e-03 
    CSRD0004   6.026445e+00   1.241448e-01  -1.241719e-01   9.040973e-05   1.266778e-03 
         Q1E   6.324545e+00   1.273715e-01  -1.239074e-01   9.040973e-05   1.291195e-03 
         Q1E   6.622645e+00   1.235273e-01  -1.097264e-01   9.040973e-05   1.322901e-03 
    CSRD0005   7.761545e+00   9.548092e-02  -2.987310e-02   9.040973e-05   1.668234e-03 
    CN202069   7.761545e+00   9.548092e-02  -2.987310e-02   9.040973e-05   1.668234e-03 
    CSRD0006   8.011545e+00   8.932446e-02  -1.234450e-02   9.040973e-05   1.744039e-03 
    CH202072   8.011545e+00   8.932446e-02  -1.234450e-02   9.040973e-05   1.744039e-03 
    CSRD0007   8.972445e+00   6.566146e-02   5.502842e-02   9.040973e-05   2.035399e-03 
    CV202082   8.972445e+00   6.566146e-02   5.502842e-02   9.040973e-05   2.035399e-03 
    CSRD0008   9.322445e+00   5.704241e-02   7.956846e-02   9.040973e-05   2.141525e-03 
    CH202085   9.322445e+00   5.704241e-02   7.956846e-02   9.040973e-05   2.141525e-03 
    CSRD0009   9.512445e+00   5.236350e-02   9.289019e-02   9.040973e-05   2.199136e-03 
        YC1E   9.642445e+00   4.916213e-02   1.020051e-01   9.040973e-05   2.238555e-03 
        YC1E   9.772445e+00   4.596077e-02   1.111199e-01   9.040973e-05   2.277973e-03 
    CSRD0010   9.886445e+00   4.315342e-02   1.191130e-01   9.040973e-05   2.312539e-03 
        XC1E   1.001645e+01   3.995206e-02   1.282278e-01   9.040973e-05   2.351958e-03 
        XC1E   1.014645e+01   3.675070e-02   1.373427e-01   9.040973e-05   2.391376e-03 
    CSRD0011   1.041400e+01   3.016205e-02   1.561018e-01   9.040973e-05   2.472501e-03 
         B2E   1.223890e+01  -4.470434e-02   3.139646e-01   1.652719e-04  -3.458488e-03 
       CB2LE   1.223890e+01  -4.470434e-02   3.139646e-01   1.652719e-04  -3.458488e-03 
      MSEP1E   1.223890e+01  -4.470434e-02   3.139646e-01   1.652719e-04  -3.458488e-03 
    CSRD0012   1.243250e+01  -5.582447e-02   3.338975e-01   1.652719e-04  -3.139125e-03 
         Q2E   1.293250e+01  -8.845770e-02   4.103453e-01   1.652719e-04  -2.068220e-03 
         Q2E   1.343250e+01  -1.316850e-01   5.466361e-01   1.652719e-04  -1.857205e-04 
    CSRD0013   1.362615e+01  -1.510956e-01   6.134686e-01   1.652719e-04   7.870723e-04 
         S1E   1.375115e+01  -1.636247e-01   6.557391e-01   1.652719e-04   1.414985e-03 
         S1E   1.387615e+01  -1.761538e-01   6.960803e-01   1.652719e-04   2.042898e-03 
    CSRD0014   1.412656e+01  -2.012533e-01   7.747624e-01   1.652719e-04   3.300794e-03 
         M3E   1.412656e+01  -2.012533e-01   7.747624e-01   1.652719e-04   3.300794e-03 
    CSRD0015   1.428375e+01  -2.170081e-01   8.241506e-01   1.652719e-04   4.090366e-03 
         Q3E   1.464085e+01  -2.451027e-01   8.997284e-01   1.652719e-04   5.224414e-03 
         Q3E   1.499795e+01  -2.567152e-01   8.984143e-01   1.652719e-04   5.447282e-03 
    CSRD0016   1.522735e+01  -2.586520e-01   8.723807e-01   1.652719e-04   5.455458e-03 
         Q3E   1.558445e+01  -2.529364e-01   7.942970e-01   1.652719e-04   5.536590e-03 
         Q3E   1.594155e+01  -2.302119e-01   6.458873e-01   1.652719e-04   6.291211e-03 
    CSRD0017   1.618242e+01  -2.094290e-01   5.243423e-01   1.652719e-04   7.187799e-03 
         S2E   1.656342e+01  -1.765559e-01   3.734164e-01   1.652719e-04   8.605961e-03 
         S2E   1.694442e+01  -1.436828e-01   2.881751e-01   1.652719e-04   1.002412e-02 
    CSRD0018   1.716331e+01  -1.247971e-01   2.536312e-01   1.652719e-04   1.083886e-02 
        XC2E   1.729331e+01  -1.135805e-01   2.331151e-01   1.652719e-04   1.132275e-02 
        XC2E   1.742331e+01  -1.023640e-01   2.125989e-01   1.652719e-04   1.180664e-02 
    CSRD0019   1.889790e+01   2.486511e-02  -2.011564e-02   1.652719e-04   1.729537e-02 
         S3E   1.902290e+01   3.565024e-02  -3.982769e-02   1.652719e-04   1.776065e-02 
         S3E   1.914790e+01   4.643537e-02  -5.949225e-02   1.652719e-04   1.822592e-02 
    CSRD0020   1.938760e+01   6.711694e-02  -9.713603e-02   1.652719e-04   1.911814e-02 
         Q4E   1.974470e+01   9.581085e-02  -1.479402e-01   1.652719e-04   2.027332e-02 
         Q4E   2.010180e+01   1.192639e-01  -1.854351e-01   1.652719e-04   2.104760e-02 
    CSRD0021   2.033120e+01   1.323542e-01  -2.044710e-01   1.652719e-04   2.142108e-02 
         Q4E   2.068830e+01   1.489254e-01  -2.244517e-01   1.652719e-04   2.181263e-02 
         Q4E   2.104539e+01   1.573505e-01  -2.240460e-01   1.652719e-04   2.192037e-02 
    CSRD0022   2.127479e+01   1.600225e-01  -2.170576e-01   1.652719e-04   2.193593e-02 
         Q4E   2.163189e+01   1.597673e-01  -1.959473e-01   1.652719e-04   2.194513e-02 
         Q4E   2.198899e+01   1.507729e-01  -1.554194e-01   1.652719e-04   2.206699e-02 
    CSRD0023   2.222869e+01   1.418863e-01  -1.222227e-01   1.652719e-04   2.223172e-02 
         M4E   2.222869e+01   1.418863e-01  -1.222227e-01   1.652719e-04   2.223172e-02 
       D6EA1   2.222869e+01   1.418863e-01  -1.222227e-01   1.652719e-04   2.223172e-02 
         S3E   2.235369e+01   1.372521e-01  -1.045487e-01   1.652719e-04   2.231762e-02 
         S3E   2.247869e+01   1.326179e-01  -8.618129e-02   1.652719e-04   2.240353e-02 
    CSRD0024   2.266627e+01   1.256636e-01  -5.812166e-02   1.652719e-04   2.253244e-02 
        YC2E   2.273427e+01   1.231426e-01  -4.794960e-02   1.652719e-04   2.257917e-02 
        YC2E   2.280227e+01   1.206216e-01  -3.777754e-02   1.652719e-04   2.262590e-02 
    CSRD0025   2.295870e+01   1.148222e-01  -1.437761e-02   1.652719e-04   2.273340e-02 
         Q5E   2.317290e+01   1.076572e-01   1.686168e-02   1.652719e-04   2.285370e-02 
         Q5E   2.338710e+01   1.019820e-01   4.684279e-02   1.652719e-04   2.292929e-02 
        DM5Q   2.338710e+01   1.019820e-01   4.684279e-02   1.652719e-04   2.292929e-02 
         M5E   2.338710e+01   1.019820e-01   4.684279e-02   1.652719e-04   2.292929e-02 
    CSRD0026   2.361640e+01   9.667437e-02   7.844303e-02   1.652719e-04   2.299071e-02 
         B3E   2.414510e+01   8.713844e-02   1.485834e-01   1.100012e-03   2.424377e-02 
       CB3LE   2.414510e+01   8.713844e-02   1.485834e-01   1.100012e-03   2.424377e-02 
    CSRD0027   2.435026e+01   8.448649e-02   1.747590e-01   1.100012e-03   2.426091e-02 
         M6E   2.435026e+01   8.448649e-02   1.747590e-01   1.100012e-03   2.426091e-02 
    CSRD0028   2.438690e+01   8.401282e-02   1.794342e-01   1.100012e-03   2.426397e-02 
         Q6E   2.454190e+01   8.301301e-02   2.004452e-01   1.100012e-03   2.426827e-02 
         MCE   2.454190e+01   8.301301e-02   2.004452e-01   1.100012e-03   2.426827e-02 
         Q6E   2.469690e+01   8.401282e-02   2.242808e-01   1.100012e-03   2.427258e-02 
    CSRD0029   2.493870e+01   8.713843e-02   2.639498e-01   1.100012e-03   2.429278e-02 
         B3E   2.546740e+01   9.667436e-02   3.480009e-01   2.034752e-03   2.751292e-02 
       CB3RE   2.546740e+01   9.667436e-02   3.480009e-01   2.034752e-03   2.751292e-02 
    CSRD0030   2.569670e+01   1.019820e-01   3.832755e-01   2.034752e-03   2.757435e-02 
         M7E   2.569670e+01   1.019820e-01   3.832755e-01   2.034752e-03   2.757435e-02 
        DM7Q   2.569670e+01   1.019820e-01   3.832755e-01   2.034752e-03   2.757435e-02 
        Q5ER   2.591090e+01   1.076661e-01   4.182621e-01   2.034752e-03   2.765018e-02 
        Q5ER   2.612510e+01   1.148586e-01   4.575985e-01   2.034752e-03   2.777141e-02 
    CSRD0031   2.631142e+01   1.217987e-01   4.938344e-01   2.034752e-03   2.790066e-02 
        YC3E   2.637942e+01   1.243316e-01   5.070591e-01   2.034752e-03   2.794783e-02 
        YC3E   2.644742e+01   1.268644e-01   5.202838e-01   2.034752e-03   2.799500e-02 
    CSRD0032   2.660510e+01   1.327378e-01   5.509505e-01   2.034752e-03   2.810439e-02 
         S3E   2.673010e+01   1.373938e-01   5.755925e-01   2.034752e-03   2.819110e-02 
         S3E   2.685510e+01   1.420498e-01   6.009293e-01   2.034752e-03   2.827782e-02 
       D6EA2   2.685510e+01   1.420498e-01   6.009293e-01   2.034752e-03   2.827782e-02 
         M8E   2.685510e+01   1.420498e-01   6.009293e-01   2.034752e-03   2.827782e-02 
    CSRD0033   2.709480e+01   1.509781e-01   6.502117e-01   2.034752e-03   2.844410e-02 
        Q4ER   2.745190e+01   1.596761e-01   7.082280e-01   2.034752e-03   2.856012e-02 
        Q4ER   2.780900e+01   1.589155e-01   7.337032e-01   2.034752e-03   2.857155e-02 
    CSRD0034   2.803840e+01   1.553682e-01   7.392067e-01   2.034752e-03   2.859898e-02 
        Q4ER   2.839550e+01   1.452991e-01   7.303195e-01   2.034752e-03   2.875040e-02 
        Q4ER   2.875260e+01   1.266231e-01   6.867352e-01   2.034752e-03   2.924650e-02 
    CSRD0035   2.898200e+01   1.120725e-01   6.478265e-01   2.034752e-03   2.970797e-02 
        Q4ER   2.933910e+01   8.632676e-02   5.717497e-01   2.034752e-03   3.064018e-02 
        Q4ER   2.969620e+01   5.546738e-02   4.668930e-01   2.034752e-03   3.197567e-02 
    CSRD0036   2.993590e+01   3.343259e-02   3.877584e-01   2.034752e-03   3.298846e-02 
         S3E   3.006090e+01   2.194178e-02   3.465072e-01   2.034752e-03   3.351662e-02 
         S3E   3.018590e+01   1.045097e-02   3.052745e-01   2.034752e-03   3.404477e-02 
    CSRD0037   3.166135e+01  -1.251820e-01  -1.813739e-01   2.034752e-03   4.027890e-02 
        XC3E   3.179135e+01  -1.371324e-01  -2.242519e-01   2.034752e-03   4.082819e-02 
        XC3E   3.192135e+01  -1.490829e-01  -2.671298e-01   2.034752e-03   4.137747e-02 
    CSRD0038   3.214255e+01  -1.694170e-01  -3.400883e-01   2.034752e-03   4.231209e-02 
         S2E   3.252355e+01  -2.044410e-01  -4.313294e-01   2.034752e-03   4.392191e-02 
         S2E   3.290455e+01  -2.394650e-01  -4.345767e-01   2.034752e-03   4.553172e-02 
    CSRD0039   3.314225e+01  -2.613159e-01  -4.026470e-01   2.034752e-03   4.653606e-02 
        Q3ER   3.349935e+01  -2.854661e-01  -3.509893e-01   2.034752e-03   4.738896e-02 
        Q3ER   3.385645e+01  -2.914224e-01  -2.950582e-01   2.034752e-03   4.747900e-02 
    CSRD0040   3.408585e+01  -2.892599e-01  -2.586574e-01   2.034752e-03   4.748920e-02 
        Q3ER   3.444295e+01  -2.767116e-01  -2.034868e-01   2.034752e-03   4.774853e-02 
        Q3ER   3.480005e+01  -2.465274e-01  -1.528888e-01   2.034752e-03   4.905742e-02 
    CSRD0041   3.498595e+01  -2.265118e-01  -1.280283e-01   2.034752e-03   5.013498e-02 
         M9E   3.498595e+01  -2.265118e-01  -1.280283e-01   2.034752e-03   5.013498e-02 
    CSRD0042   3.519850e+01  -2.036256e-01  -9.960252e-02   2.034752e-03   5.136707e-02 
         S1E   3.532350e+01  -1.901667e-01  -8.431360e-02   2.034752e-03   5.209165e-02 
         S1E   3.544850e+01  -1.767077e-01  -7.163029e-02   2.034752e-03   5.281622e-02 
    CSRD0043   3.555130e+01  -1.656391e-01  -6.217173e-02   2.034752e-03   5.341211e-02 
    CSRD0044   3.565130e+01  -1.548719e-01  -5.297079e-02   2.034752e-03   5.399177e-02 
        Q2ER   3.615130e+01  -1.092397e-01  -9.346668e-04   2.034752e-03   5.609407e-02 
        Q2ER   3.665130e+01  -7.669043e-02   6.420151e-02   2.034752e-03   5.716344e-02 
    CSRD0045   3.684490e+01  -6.607655e-02   9.235898e-02   2.034752e-03   5.745439e-02 
      MSEP2E   3.684490e+01  -6.607655e-02   9.235898e-02   2.034752e-03   5.745439e-02 
         B2E   3.866980e+01   4.018668e-03   3.877463e-01   2.889175e-03   5.116900e-02 
       CB2RE   3.866980e+01   4.018668e-03   3.877463e-01   2.889175e-03   5.116900e-02 
    CSRD0046   3.893275e+01   9.806438e-03   4.346258e-01   2.889175e-03   5.123270e-02 
        XC4E   3.906275e+01   1.266786e-02   4.578026e-01   2.889175e-03   5.126419e-02 
        XC4E   3.919275e+01   1.552928e-02   4.809793e-01   2.889175e-03   5.129568e-02 
    CSRD0047   3.930675e+01   1.803852e-02   5.013036e-01   2.889175e-03   5.132330e-02 
        YC4E   3.943675e+01   2.089994e-02   5.244804e-01   2.889175e-03   5.135479e-02 
        YC4E   3.956675e+01   2.376136e-02   5.476572e-01   2.889175e-03   5.138628e-02 
    CSRD0048   4.075191e+01   4.984781e-02   7.589510e-01   2.889175e-03   5.167337e-02 
    CSRD0049   4.075191e+01   4.984784e-02   7.589512e-01   2.889175e-03   5.167337e-02 
       WIG1E   4.099591e+01   5.521836e-02   8.024502e-01   2.889429e-03   5.173248e-02 
    CSRD0050   4.112244e+01   5.800313e-02   8.250052e-01   2.889429e-03   5.176352e-02 
       WIG2E   4.161044e+01   6.874316e-02   9.119896e-01   2.885306e-03   5.188634e-02 
    CSRD0051   4.173696e+01   7.152754e-02   9.345396e-01   2.885306e-03   5.191737e-02 
       WIG1E   4.198096e+01   7.689694e-02   9.780243e-01   2.885560e-03   5.197645e-02 
    CSRD0052   4.198097e+01   7.689696e-02   9.780245e-01   2.885560e-03   5.197645e-02 
    CSRD0053   4.216624e+01   8.097397e-02   1.011042e+00   2.885560e-03   5.202131e-02 
    P202432T   4.216624e+01   8.097397e-02   1.011042e+00   2.885560e-03   5.202131e-02 
    CSRD0054   4.246116e+01   8.746346e-02   1.063597e+00   2.885560e-03   5.209271e-02 
        Q1ER   4.275926e+01   9.127664e-02   1.086327e+00   2.885560e-03   5.212138e-02 
        Q1ER   4.305736e+01   8.949752e-02   1.048063e+00   2.885560e-03   5.213107e-02 
    CSRD0055   4.323604e+01   8.675972e-02   1.007128e+00   2.885560e-03   5.215205e-02 
        M11E   4.323604e+01   8.675972e-02   1.007128e+00   2.885560e-03   5.215205e-02 
    CSRD0056   4.415226e+01   7.272138e-02   7.972243e-01   2.885560e-03   5.225960e-02 
    T202452T   4.415226e+01   7.272138e-02   7.972243e-01   2.885560e-03   5.225960e-02 
    CSRD0057   4.802071e+01   1.344863e-02  -8.903026e-02   2.885560e-03   5.271369e-02 
        B1RE   4.908380e+01   9.171447e-03  -3.445965e-01   3.095849e-03   4.789220e-02 
