Printout for SDDS file facet_noFF.mat

 ElementName        s             R16            T166           R56            T566     
                    m             m/1             m             m/1             m       
----------------------------------------------------------------------------------------
       _BEG_   0.000000e+00   0.000000e+00   0.000000e+00   0.000000e+00   0.000000e+00 
           C   0.000000e+00   0.000000e+00   0.000000e+00   0.000000e+00   0.000000e+00 
        B1LE   1.063090e+00   1.200675e-02  -1.200521e-02   9.040973e-05  -4.680550e-17 
       CB1LE   1.063090e+00   1.200675e-02  -1.200521e-02   9.040973e-05  -4.680550e-17 
    CSRD0001   4.929030e+00   9.935067e-02  -9.937142e-02   9.040973e-05   9.866891e-04 
    T202040T   4.929030e+00   9.935067e-02  -9.937142e-02   9.040973e-05   9.866891e-04 
    CSRD0002   5.533970e+00   1.130182e-01  -1.130424e-01   9.040973e-05   1.141086e-03 
    P202042T   5.533970e+00   1.130182e-01  -1.130424e-01   9.040973e-05   1.141086e-03 
    CSRD0003   5.873162e+00   1.206816e-01  -1.207078e-01   9.040973e-05   1.227656e-03 
         M1E   5.873162e+00   1.206816e-01  -1.207078e-01   9.040973e-05   1.227656e-03 
    CSRD0004   6.026445e+00   1.241448e-01  -1.241719e-01   9.040973e-05   1.266778e-03 
         Q1E   6.324545e+00   1.262763e-01  -1.217285e-01   9.040973e-05   1.286344e-03 
         Q1E   6.622645e+00   1.192095e-01  -1.012760e-01   9.040973e-05   1.381587e-03 
    CSRD0005   7.761545e+00   7.508554e-02   9.323386e-03   9.040973e-05   2.236325e-03 
    CN202069   7.761545e+00   7.508554e-02   9.323386e-03   9.040973e-05   2.236325e-03 
    CSRD0006   8.011545e+00   6.539990e-02   3.360107e-02   9.040973e-05   2.423948e-03 
    CH202072   8.011545e+00   6.539990e-02   3.360107e-02   9.040973e-05   2.423948e-03 
    CSRD0007   8.972445e+00   2.817214e-02   1.269148e-01   9.040973e-05   3.145098e-03 
    CV202082   8.972445e+00   2.817214e-02   1.269148e-01   9.040973e-05   3.145098e-03 
    CSRD0008   9.322445e+00   1.461223e-02   1.609035e-01   9.040973e-05   3.407771e-03 
    CH202085   9.322445e+00   1.461223e-02   1.609035e-01   9.040973e-05   3.407771e-03 
    CSRD0009   9.512445e+00   7.251136e-03   1.793546e-01   9.040973e-05   3.550365e-03 
        YC1E   9.642445e+00   2.214599e-03   1.919790e-01   9.040973e-05   3.647930e-03 
        YC1E   9.772445e+00  -2.821938e-03   2.046034e-01   9.040973e-05   3.745494e-03 
    CSRD0010   9.886445e+00  -7.238594e-03   2.156740e-01   9.040973e-05   3.831050e-03 
        XC1E   1.001645e+01  -1.227513e-02   2.282984e-01   9.040973e-05   3.928614e-03 
        XC1E   1.014645e+01  -1.731167e-02   2.409228e-01   9.040973e-05   4.026179e-03 
    CSRD0011   1.041400e+01  -2.767725e-02   2.669048e-01   9.040973e-05   4.226973e-03 
         B2E   1.223890e+01  -1.283006e-01   4.739065e-01   2.485724e-03  -4.908257e-03 
       CB2LE   1.223890e+01  -1.283006e-01   4.739065e-01   2.485724e-03  -4.908257e-03 
      MSEP1E   1.223890e+01  -1.283006e-01   4.739065e-01   2.485724e-03  -4.908257e-03 
    CSRD0012   1.243250e+01  -1.421538e-01   4.990702e-01   2.485724e-03  -4.412623e-03 
         Q2E   1.293250e+01  -1.871553e-01   6.045484e-01   2.485724e-03  -2.356419e-03 
         Q2E   1.343250e+01  -2.545712e-01   8.050652e-01   2.485724e-03   2.244409e-03 
    CSRD0013   1.362615e+01  -2.859623e-01   9.047522e-01   2.485724e-03   4.788618e-03 
         S1E   1.375115e+01  -3.062245e-01   9.656337e-01   2.485724e-03   6.430841e-03 
         S1E   1.387615e+01  -3.264866e-01   1.018930e+00   2.485724e-03   8.073063e-03 
    CSRD0014   1.412656e+01  -3.670778e-01   1.117418e+00   2.485724e-03   1.136292e-02 
         M3E   1.412656e+01  -3.670778e-01   1.117418e+00   2.485724e-03   1.136292e-02 
    CSRD0015   1.428375e+01  -3.925566e-01   1.179238e+00   2.485724e-03   1.342794e-02 
         Q3E   1.464085e+01  -4.381015e-01   1.270673e+00   2.485724e-03   1.640626e-02 
         Q3E   1.499795e+01  -4.573957e-01   1.259852e+00   2.485724e-03   1.701336e-02 
    CSRD0016   1.522735e+01  -4.610236e-01   1.219527e+00   2.485724e-03   1.704205e-02 
         Q3E   1.558445e+01  -4.528023e-01   1.107047e+00   2.485724e-03   1.722610e-02 
         Q3E   1.594155e+01  -4.174496e-01   9.012390e-01   2.485724e-03   1.905715e-02 
    CSRD0017   1.618242e+01  -3.848407e-01   7.338076e-01   2.485724e-03   2.126440e-02 
         S2E   1.656342e+01  -3.332620e-01   5.319896e-01   2.485724e-03   2.475568e-02 
         S2E   1.694442e+01  -2.816834e-01   4.340274e-01   2.485724e-03   2.824696e-02 
    CSRD0018   1.716331e+01  -2.520513e-01   4.016860e-01   2.485724e-03   3.025271e-02 
        XC2E   1.729331e+01  -2.344523e-01   3.824779e-01   2.485724e-03   3.144396e-02 
        XC2E   1.742331e+01  -2.168533e-01   3.632697e-01   2.485724e-03   3.263521e-02 
    CSRD0019   1.889790e+01  -1.722789e-02   1.453922e-01   2.485724e-03   4.614755e-02 
         S3E   1.902290e+01  -3.057727e-04   1.269356e-01   2.485724e-03   4.729299e-02 
         S3E   1.914790e+01   1.661635e-02   1.084872e-01   2.485724e-03   4.843842e-02 
    CSRD0020   1.938760e+01   4.906621e-02   7.313264e-02   2.485724e-03   5.063490e-02 
         Q4E   1.974470e+01   9.520970e-02   2.077751e-02   2.485724e-03   5.361902e-02 
         Q4E   2.010180e+01   1.349308e-01  -2.659311e-02   2.485724e-03   5.583538e-02 
    CSRD0021   2.033120e+01   1.577815e-01  -5.410739e-02   2.485724e-03   5.697347e-02 
         Q4E   2.068830e+01   1.876301e-01  -8.893954e-02   2.485724e-03   5.823717e-02 
         Q4E   2.104539e+01   2.048220e-01  -1.051872e-01   2.485724e-03   5.867197e-02 
    CSRD0022   2.127479e+01   2.115036e-01  -1.090516e-01   2.485724e-03   5.876928e-02 
         Q4E   2.163189e+01   2.146538e-01  -1.041112e-01   2.485724e-03   5.880788e-02 
         Q4E   2.198899e+01   2.033245e-01  -7.775047e-02   2.485724e-03   5.901138e-02 
    CSRD0023   2.222869e+01   1.909775e-01  -5.330462e-02   2.485724e-03   5.932937e-02 
         M4E   2.222869e+01   1.909775e-01  -5.330462e-02   2.485724e-03   5.932937e-02 
       D6EA1   2.222869e+01   1.909775e-01  -5.330462e-02   2.485724e-03   5.932937e-02 
         S3E   2.235369e+01   1.845388e-01  -3.752604e-02   2.485724e-03   5.949520e-02 
         S3E   2.247869e+01   1.781000e-01  -1.595819e-02   2.485724e-03   5.966103e-02 
    CSRD0024   2.266627e+01   1.684379e-01   2.055052e-02   2.485724e-03   5.990988e-02 
        YC2E   2.273427e+01   1.649352e-01   3.378550e-02   2.485724e-03   6.000009e-02 
        YC2E   2.280227e+01   1.614325e-01   4.702049e-02   2.485724e-03   6.009031e-02 
    CSRD0025   2.295870e+01   1.533749e-01   7.746640e-02   2.485724e-03   6.029783e-02 
         Q5E   2.317290e+01   1.436653e-01   1.186387e-01   2.485724e-03   6.051923e-02 
         Q5E   2.338710e+01   1.364967e-01   1.593646e-01   2.485724e-03   6.064037e-02 
        DM5Q   2.338710e+01   1.364967e-01   1.593646e-01   2.485724e-03   6.064037e-02 
         M5E   2.338710e+01   1.364967e-01   1.593646e-01   2.485724e-03   6.064037e-02 
    CSRD0026   2.361640e+01   1.301337e-01   2.030286e-01   2.485724e-03   6.072866e-02 
         B3E   2.414510e+01   1.181644e-01   3.009721e-01   3.750004e-03   6.344662e-02 
       CB3LE   2.414510e+01   1.181644e-01   3.009721e-01   3.750004e-03   6.344662e-02 
    CSRD0027   2.435026e+01   1.145682e-01   3.379410e-01   3.750004e-03   6.347814e-02 
         M6E   2.435026e+01   1.145682e-01   3.379410e-01   3.750004e-03   6.347814e-02 
    CSRD0028   2.438690e+01   1.139259e-01   3.445440e-01   3.750004e-03   6.348377e-02 
         Q6E   2.454190e+01   1.125701e-01   3.753728e-01   3.750004e-03   6.349168e-02 
         MCE   2.454190e+01   1.125701e-01   3.753728e-01   3.750004e-03   6.349168e-02 
         Q6E   2.469690e+01   1.139259e-01   4.125265e-01   3.750004e-03   6.349959e-02 
    CSRD0029   2.493870e+01   1.181644e-01   4.758547e-01   3.750004e-03   6.353674e-02 
         B3E   2.546740e+01   1.301336e-01   6.116482e-01   5.014284e-03   6.923658e-02 
       CB3RE   2.546740e+01   1.301336e-01   6.116482e-01   5.014284e-03   6.923658e-02 
    CSRD0030   2.569670e+01   1.364967e-01   6.693589e-01   5.014284e-03   6.932487e-02 
         M7E   2.569670e+01   1.364967e-01   6.693589e-01   5.014284e-03   6.932487e-02 
        DM7Q   2.569670e+01   1.364967e-01   6.693589e-01   5.014284e-03   6.932487e-02 
        Q5ER   2.591090e+01   1.434107e-01   7.271127e-01   5.014284e-03   6.943720e-02 
        Q5ER   2.612510e+01   1.523339e-01   7.930421e-01   5.014284e-03   6.962390e-02 
    CSRD0031   2.631142e+01   1.610038e-01   8.541710e-01   5.014284e-03   6.982561e-02 
        YC3E   2.637942e+01   1.641680e-01   8.764807e-01   5.014284e-03   6.989922e-02 
        YC3E   2.644742e+01   1.673321e-01   8.987904e-01   5.014284e-03   6.997284e-02 
    CSRD0032   2.660510e+01   1.746695e-01   9.505243e-01   5.014284e-03   7.014355e-02 
         S3E   2.673010e+01   1.804860e-01   9.941856e-01   5.014284e-03   7.027888e-02 
         S3E   2.685510e+01   1.863024e-01   1.043385e+00   5.014284e-03   7.041420e-02 
       D6EA2   2.685510e+01   1.863024e-01   1.043385e+00   5.014284e-03   7.041420e-02 
         M8E   2.685510e+01   1.863024e-01   1.043385e+00   5.014284e-03   7.041420e-02 
    CSRD0033   2.709480e+01   1.974561e-01   1.143268e+00   5.014284e-03   7.067370e-02 
        Q4ER   2.745190e+01   2.080600e-01   1.262721e+00   5.014284e-03   7.084835e-02 
        Q4ER   2.780900e+01   2.063392e-01   1.319640e+00   5.014284e-03   7.087046e-02 
    CSRD0034   2.803840e+01   2.012576e-01   1.335206e+00   5.014284e-03   7.092674e-02 
        Q4ER   2.839550e+01   1.874646e-01   1.325506e+00   5.014284e-03   7.120893e-02 
        Q4ER   2.875260e+01   1.625669e-01   1.248337e+00   5.014284e-03   7.208971e-02 
    CSRD0035   2.898200e+01   1.432889e-01   1.177580e+00   5.014284e-03   7.289973e-02 
        Q4ER   2.933910e+01   1.093324e-01   1.037574e+00   5.014284e-03   7.452088e-02 
        Q4ER   2.969620e+01   6.889945e-02   8.425508e-01   5.014284e-03   7.681324e-02 
    CSRD0036   2.993590e+01   4.010459e-02   6.950807e-01   5.014284e-03   7.854278e-02 
         S3E   3.006090e+01   2.508850e-02   6.182830e-01   5.014284e-03   7.944471e-02 
         S3E   3.018590e+01   1.007241e-02   5.415986e-01   5.014284e-03   8.034665e-02 
    CSRD0037   3.166135e+01  -1.671715e-01  -3.633122e-01   5.014284e-03   9.099269e-02 
        XC3E   3.179135e+01  -1.827883e-01  -4.430428e-01   5.014284e-03   9.193070e-02 
        XC3E   3.192135e+01  -1.984050e-01  -5.227733e-01   5.014284e-03   9.286871e-02 
    CSRD0038   3.214255e+01  -2.249775e-01  -6.584379e-01   5.014284e-03   9.446477e-02 
         S2E   3.252355e+01  -2.707465e-01  -8.651794e-01   5.014284e-03   9.721386e-02 
         S2E   3.290455e+01  -3.165156e-01  -1.003322e+00   5.014284e-03   9.996295e-02 
    CSRD0039   3.314225e+01  -3.450702e-01  -1.063105e+00   5.014284e-03   1.016781e-01 
        Q3ER   3.349935e+01  -3.765151e-01  -1.129476e+00   5.014284e-03   1.031257e-01 
        Q3ER   3.385645e+01  -3.839634e-01  -1.147730e+00   5.014284e-03   1.032735e-01 
    CSRD0040   3.408585e+01  -3.808548e-01  -1.143770e+00   5.014284e-03   1.032946e-01 
        Q3ER   3.444295e+01  -3.639305e-01  -1.113243e+00   5.014284e-03   1.037629e-01 
        Q3ER   3.480005e+01  -3.238116e-01  -1.034835e+00   5.014284e-03   1.060739e-01 
    CSRD0041   3.498595e+01  -2.972728e-01  -9.819129e-01   5.014284e-03   1.079683e-01 
         M9E   3.498595e+01  -2.972728e-01  -9.819129e-01   5.014284e-03   1.079683e-01 
    CSRD0042   3.519850e+01  -2.669279e-01  -9.214010e-01   5.014284e-03   1.101344e-01 
         S1E   3.532350e+01  -2.490825e-01  -8.885685e-01   5.014284e-03   1.114082e-01 
         S1E   3.544850e+01  -2.312372e-01  -8.607554e-01   5.014284e-03   1.126820e-01 
    CSRD0043   3.555130e+01  -2.165612e-01  -8.397524e-01   5.014284e-03   1.137296e-01 
    CSRD0044   3.565130e+01  -2.022850e-01  -8.193216e-01   5.014284e-03   1.147487e-01 
        Q2ER   3.615130e+01  -1.415977e-01  -7.533935e-01   5.014284e-03   1.184655e-01 
        Q2ER   3.665130e+01  -9.786865e-02  -7.605692e-01   5.014284e-03   1.203942e-01 
    CSRD0045   3.684490e+01  -8.349183e-02  -7.780555e-01   5.014284e-03   1.209280e-01 
      MSEP2E   3.684490e+01  -8.349183e-02  -7.780555e-01   5.014284e-03   1.209280e-01 
         B2E   3.866980e+01   2.206709e-02  -9.127795e-01   5.858320e-03   1.519666e-01 
       CB2RE   3.866980e+01   2.206709e-02  -9.127795e-01   5.858320e-03   1.519666e-01 
    CSRD0046   3.893275e+01   3.296574e-02  -9.278860e-01   5.858320e-03   1.521925e-01 
        XC4E   3.906275e+01   3.835393e-02  -9.353545e-01   5.858320e-03   1.523041e-01 
        XC4E   3.919275e+01   4.374213e-02  -9.428230e-01   5.858320e-03   1.524158e-01 
    CSRD0047   3.930675e+01   4.846715e-02  -9.493723e-01   5.858320e-03   1.525137e-01 
        YC4E   3.943675e+01   5.385535e-02  -9.568408e-01   5.858320e-03   1.526254e-01 
        YC4E   3.956675e+01   5.924354e-02  -9.643093e-01   5.858320e-03   1.527370e-01 
    CSRD0048   4.075191e+01   1.083656e-01  -1.032397e+00   5.858320e-03   1.537550e-01 
    CSRD0049   4.075191e+01   1.083657e-01  -1.032397e+00   5.858320e-03   1.537550e-01 
       WIG1E   4.099591e+01   1.184786e-01  -1.046411e+00   5.858574e-03   1.539646e-01 
    CSRD0050   4.112244e+01   1.237224e-01  -1.053677e+00   5.858574e-03   1.540737e-01 
       WIG2E   4.161044e+01   1.439460e-01  -1.081686e+00   5.854451e-03   1.544974e-01 
    CSRD0051   4.173696e+01   1.491890e-01  -1.088944e+00   5.854451e-03   1.546064e-01 
       WIG1E   4.198096e+01   1.592996e-01  -1.102937e+00   5.854705e-03   1.548159e-01 
    CSRD0052   4.198097e+01   1.592996e-01  -1.102937e+00   5.854705e-03   1.548159e-01 
    CSRD0053   4.216624e+01   1.669766e-01  -1.113560e+00   5.854705e-03   1.549749e-01 
    P202432T   4.216624e+01   1.669766e-01  -1.113560e+00   5.854705e-03   1.549749e-01 
    CSRD0054   4.246116e+01   1.791962e-01  -1.130469e+00   5.854705e-03   1.552281e-01 
        Q1ER   4.275926e+01   1.859320e-01  -1.107168e+00   5.854705e-03   1.553221e-01 
        Q1ER   4.305736e+01   1.812763e-01  -1.004700e+00   5.854705e-03   1.553765e-01 
    CSRD0055   4.323604e+01   1.750937e-01  -9.205971e-01   5.854705e-03   1.554835e-01 
        M11E   4.323604e+01   1.750937e-01  -9.205971e-01   5.854705e-03   1.554835e-01 
    CSRD0056   4.415226e+01   1.433919e-01  -4.893480e-01   5.854705e-03   1.560319e-01 
    T202452T   4.415226e+01   1.433919e-01  -4.893480e-01   5.854705e-03   1.560319e-01 
    CSRD0057   4.802071e+01   9.540483e-03   1.331474e+00   5.854705e-03   1.583476e-01 
        B1RE   4.908380e+01  -1.523092e-02   1.820136e+00   5.745222e-03   1.943019e-01 
