Printout for SDDS file facet_noFF.mat

 ElementName        s             R16            T166           R56            T566     
                    m             m/1             m             m/1             m       
----------------------------------------------------------------------------------------
       _BEG_   0.000000e+00   0.000000e+00   0.000000e+00   0.000000e+00   0.000000e+00 
           C   0.000000e+00   0.000000e+00   0.000000e+00   0.000000e+00   0.000000e+00 
        B1LE   1.063090e+00   1.200675e-02  -1.200521e-02   9.040973e-05  -4.680550e-17 
       CB1LE   1.063090e+00   1.200675e-02  -1.200521e-02   9.040973e-05  -4.680550e-17 
    CSRD0001   4.929030e+00   9.935067e-02  -9.937142e-02   9.040973e-05   9.866891e-04 
    T202040T   4.929030e+00   9.935067e-02  -9.937142e-02   9.040973e-05   9.866891e-04 
    CSRD0002   5.533970e+00   1.130182e-01  -1.130424e-01   9.040973e-05   1.141086e-03 
    P202042T   5.533970e+00   1.130182e-01  -1.130424e-01   9.040973e-05   1.141086e-03 
    CSRD0003   5.873162e+00   1.206816e-01  -1.207078e-01   9.040973e-05   1.227656e-03 
         M1E   5.873162e+00   1.206816e-01  -1.207078e-01   9.040973e-05   1.227656e-03 
    CSRD0004   6.026445e+00   1.241448e-01  -1.241719e-01   9.040973e-05   1.266778e-03 
         Q1E   6.324545e+00   1.266980e-01  -1.225672e-01   9.040973e-05   1.287578e-03 
         Q1E   6.622645e+00   1.208677e-01  -1.045152e-01   9.040973e-05   1.354204e-03 
    CSRD0005   7.761545e+00   8.289499e-02  -5.631575e-03   9.040973e-05   1.987238e-03 
    CN202069   7.761545e+00   8.289499e-02  -5.631575e-03   9.040973e-05   1.987238e-03 
    CSRD0006   8.011545e+00   7.455960e-02   1.607437e-02   9.040973e-05   2.126196e-03 
    CH202072   8.011545e+00   7.455960e-02   1.607437e-02   9.040973e-05   2.126196e-03 
    CSRD0007   8.972445e+00   4.252170e-02   9.950334e-02   9.040973e-05   2.660292e-03 
    CV202082   8.972445e+00   4.252170e-02   9.950334e-02   9.040973e-05   2.660292e-03 
    CSRD0008   9.322445e+00   3.085215e-02   1.298917e-01   9.040973e-05   2.854833e-03 
    CH202085   9.322445e+00   3.085215e-02   1.298917e-01   9.040973e-05   2.854833e-03 
    CSRD0009   9.512445e+00   2.451726e-02   1.463882e-01   9.040973e-05   2.960440e-03 
        YC1E   9.642445e+00   2.018286e-02   1.576753e-01   9.040973e-05   3.032698e-03 
        YC1E   9.772445e+00   1.584845e-02   1.689624e-01   9.040973e-05   3.104956e-03 
    CSRD0010   9.886445e+00   1.204752e-02   1.788603e-01   9.040973e-05   3.168321e-03 
        XC1E   1.001645e+01   7.713115e-03   1.901474e-01   9.040973e-05   3.240579e-03 
        XC1E   1.014645e+01   3.378713e-03   2.014345e-01   9.040973e-05   3.312836e-03 
    CSRD0011   1.041400e+01  -5.541821e-03   2.246642e-01   9.040973e-05   3.461549e-03 
         B2E   1.223890e+01  -9.631062e-02   4.129487e-01   1.597719e-03  -4.497046e-03 
       CB2LE   1.223890e+01  -9.631062e-02   4.129487e-01   1.597719e-03  -4.497046e-03 
      MSEP1E   1.223890e+01  -9.631062e-02   4.129487e-01   1.597719e-03  -4.497046e-03 
    CSRD0012   1.243250e+01  -1.091181e-01   4.361191e-01   1.597719e-03  -4.073410e-03 
         Q2E   1.293250e+01  -1.493872e-01   5.305254e-01   1.597719e-03  -2.432661e-03 
         Q2E   1.343250e+01  -2.075474e-01   7.065372e-01   1.597719e-03   9.864710e-04 
    CSRD0013   1.362615e+01  -2.343542e-01   7.936876e-01   1.597719e-03   2.841836e-03 
         S1E   1.375115e+01  -2.516573e-01   8.477061e-01   1.597719e-03   4.039427e-03 
         S1E   1.387615e+01  -2.689604e-01   8.968127e-01   1.597719e-03   5.237017e-03 
    CSRD0014   1.412656e+01  -3.036236e-01   9.898095e-01   1.597719e-03   7.636146e-03 
         M3E   1.412656e+01  -3.036236e-01   9.898095e-01   1.597719e-03   7.636146e-03 
    CSRD0015   1.428375e+01  -3.253815e-01   1.048183e+00   1.597719e-03   9.142063e-03 
         Q3E   1.464085e+01  -3.642518e-01   1.136546e+00   1.597719e-03   1.131176e-02 
         Q3E   1.499795e+01  -3.806183e-01   1.132305e+00   1.597719e-03   1.175001e-02 
    CSRD0016   1.522735e+01  -3.836099e-01   1.099287e+00   1.597719e-03   1.176952e-02 
         Q3E   1.558445e+01  -3.763689e-01   1.002626e+00   1.597719e-03   1.190872e-02 
         Q3E   1.594155e+01  -3.458755e-01   8.208896e-01   1.597719e-03   1.327009e-02 
    CSRD0017   1.618242e+01  -3.178103e-01   6.722058e-01   1.597719e-03   1.490508e-02 
         S2E   1.656342e+01  -2.734186e-01   4.946236e-01   1.597719e-03   1.749120e-02 
         S2E   1.694442e+01  -2.290270e-01   4.111309e-01   1.597719e-03   2.007732e-02 
    CSRD0018   1.716331e+01  -2.035238e-01   3.846027e-01   1.597719e-03   2.156305e-02 
        XC2E   1.729331e+01  -1.883770e-01   3.688471e-01   1.597719e-03   2.244545e-02 
        XC2E   1.742331e+01  -1.732302e-01   3.530916e-01   1.597719e-03   2.332785e-02 
    CSRD0019   1.889790e+01  -1.420600e-03   1.743764e-01   1.597719e-03   3.333693e-02 
         S3E   1.902290e+01   1.314360e-02   1.592282e-01   1.597719e-03   3.418540e-02 
         S3E   1.914790e+01   2.770780e-02   1.441050e-01   1.597719e-03   3.503386e-02 
    CSRD0020   1.938760e+01   5.563610e-02   1.151659e-01   1.597719e-03   3.666087e-02 
         Q4E   1.974470e+01   9.505773e-02   7.106105e-02   1.597719e-03   3.883952e-02 
         Q4E   2.010180e+01   1.285043e-01   2.843302e-02   1.597719e-03   4.041175e-02 
    CSRD0021   2.033120e+01   1.475962e-01   2.584470e-03   1.597719e-03   4.120622e-02 
         Q4E   2.068830e+01   1.723653e-01  -3.238667e-02   1.597719e-03   4.207731e-02 
         Q4E   2.104539e+01   1.863000e-01  -5.454477e-02   1.597719e-03   4.236437e-02 
    CSRD0022   2.127479e+01   1.915454e-01  -6.409143e-02   1.597719e-03   4.242434e-02 
         Q4E   2.163189e+01   1.936049e-01  -7.070839e-02   1.597719e-03   4.244777e-02 
         Q4E   2.198899e+01   1.834949e-01  -6.077549e-02   1.597719e-03   4.260766e-02 
    CSRD0023   2.222869e+01   1.727246e-01  -4.873626e-02   1.597719e-03   4.284963e-02 
         M4E   2.222869e+01   1.727246e-01  -4.873626e-02   1.597719e-03   4.284963e-02 
       D6EA1   2.222869e+01   1.727246e-01  -4.873626e-02   1.597719e-03   4.284963e-02 
         S3E   2.235369e+01   1.671080e-01  -4.071042e-02   1.597719e-03   4.297581e-02 
         S3E   2.247869e+01   1.614915e-01  -2.934057e-02   1.597719e-03   4.310200e-02 
    CSRD0024   2.266627e+01   1.530631e-01  -9.881107e-03   1.597719e-03   4.329135e-02 
        YC2E   2.273427e+01   1.500077e-01  -2.826745e-03   1.597719e-03   4.335999e-02 
        YC2E   2.280227e+01   1.469523e-01   4.227618e-03   1.597719e-03   4.342864e-02 
    CSRD0025   2.295870e+01   1.399236e-01   2.045556e-02   1.597719e-03   4.358655e-02 
         Q5E   2.317290e+01   1.313427e-01   4.184448e-02   1.597719e-03   4.375925e-02 
         Q5E   2.338710e+01   1.247671e-01   6.186446e-02   1.597719e-03   4.386092e-02 
        DM5Q   2.338710e+01   1.247671e-01   6.186446e-02   1.597719e-03   4.386092e-02 
         M5E   2.338710e+01   1.247671e-01   6.186446e-02   1.597719e-03   4.386092e-02 
    CSRD0026   2.361640e+01   1.187627e-01   8.271212e-02   1.597719e-03   4.393954e-02 
         B3E   2.414510e+01   1.076204e-01   1.280529e-01   2.750007e-03   4.514090e-02 
       CB3LE   2.414510e+01   1.076204e-01   1.280529e-01   2.750007e-03   4.514090e-02 
    CSRD0027   2.435026e+01   1.043451e-01   1.446080e-01   2.750007e-03   4.516704e-02 
         M6E   2.435026e+01   1.043451e-01   1.446080e-01   2.750007e-03   4.516704e-02 
    CSRD0028   2.438690e+01   1.037601e-01   1.475650e-01   2.750007e-03   4.517171e-02 
         Q6E   2.454190e+01   1.025253e-01   1.606580e-01   2.750007e-03   4.517827e-02 
         MCE   2.454190e+01   1.025253e-01   1.606580e-01   2.750007e-03   4.517827e-02 
         Q6E   2.469690e+01   1.037601e-01   1.751464e-01   2.750007e-03   4.518484e-02 
    CSRD0029   2.493870e+01   1.076204e-01   1.990052e-01   2.750007e-03   4.521565e-02 
         B3E   2.546740e+01   1.187627e-01   2.484947e-01   3.902294e-03   4.762680e-02 
       CB3RE   2.546740e+01   1.187627e-01   2.484947e-01   3.902294e-03   4.762680e-02 
    CSRD0030   2.569670e+01   1.247670e-01   2.687761e-01   3.902294e-03   4.770542e-02 
         M7E   2.569670e+01   1.247670e-01   2.687761e-01   3.902294e-03   4.770542e-02 
        DM7Q   2.569670e+01   1.247670e-01   2.687761e-01   3.902294e-03   4.770542e-02 
        Q5ER   2.591090e+01   1.312631e-01   2.887609e-01   3.902294e-03   4.780454e-02 
        Q5ER   2.612510e+01   1.395982e-01   3.109501e-01   3.902294e-03   4.796741e-02 
    CSRD0031   2.631142e+01   1.476802e-01   3.312658e-01   3.902294e-03   4.814270e-02 
        YC3E   2.637942e+01   1.506298e-01   3.386803e-01   3.902294e-03   4.820667e-02 
        YC3E   2.644742e+01   1.535794e-01   3.460948e-01   3.902294e-03   4.827064e-02 
    CSRD0032   2.660510e+01   1.604193e-01   3.632882e-01   3.902294e-03   4.841899e-02 
         S3E   2.673010e+01   1.658413e-01   3.784933e-01   3.902294e-03   4.853658e-02 
         S3E   2.685510e+01   1.712634e-01   3.969919e-01   3.902294e-03   4.865418e-02 
       D6EA2   2.685510e+01   1.712634e-01   3.969919e-01   3.902294e-03   4.865418e-02 
         M8E   2.685510e+01   1.712634e-01   3.969919e-01   3.902294e-03   4.865418e-02 
    CSRD0033   2.709480e+01   1.816608e-01   4.357613e-01   3.902294e-03   4.887968e-02 
        Q4ER   2.745190e+01   1.916170e-01   4.855479e-01   3.902294e-03   4.903305e-02 
        Q4ER   2.780900e+01   1.902225e-01   5.178669e-01   3.902294e-03   4.905103e-02 
    CSRD0034   2.803840e+01   1.856623e-01   5.325669e-01   3.902294e-03   4.909635e-02 
        Q4ER   2.839550e+01   1.731349e-01   5.448518e-01   3.902294e-03   4.932956e-02 
        Q4ER   2.875260e+01   1.503516e-01   5.350666e-01   3.902294e-03   5.006731e-02 
    CSRD0035   2.898200e+01   1.326802e-01   5.214866e-01   3.902294e-03   5.074795e-02 
        Q4ER   2.933910e+01   1.015141e-01   4.887497e-01   3.902294e-03   5.211371e-02 
        Q4ER   2.969620e+01   6.433463e-02   4.330445e-01   3.902294e-03   5.405207e-02 
    CSRD0036   2.993590e+01   3.783715e-02   3.881334e-01   3.902294e-03   5.551664e-02 
         S3E   3.006090e+01   2.401911e-02   3.647797e-01   3.902294e-03   5.628039e-02 
         S3E   3.018590e+01   1.020106e-02   3.414989e-01   3.902294e-03   5.704415e-02 
    CSRD0037   3.166135e+01  -1.529016e-01   6.686349e-02   3.902294e-03   6.605919e-02 
        XC3E   3.179135e+01  -1.672724e-01   4.266572e-02   3.902294e-03   6.685349e-02 
        XC3E   3.192135e+01  -1.816431e-01   1.846796e-02   3.902294e-03   6.764780e-02 
    CSRD0038   3.214255e+01  -2.060956e-01  -2.270548e-02   3.902294e-03   6.899933e-02 
         S2E   3.252355e+01  -2.482130e-01  -6.319995e-02   3.902294e-03   7.132725e-02 
         S2E   3.290455e+01  -2.903304e-01  -2.612166e-02   3.902294e-03   7.365518e-02 
    CSRD0039   3.314225e+01  -3.166068e-01   2.688881e-02   3.902294e-03   7.510753e-02 
        Q3ER   3.349935e+01  -3.455726e-01   9.436832e-02   3.902294e-03   7.633550e-02 
        Q3ER   3.385645e+01  -3.525138e-01   1.339264e-01   3.902294e-03   7.646208e-02 
    CSRD0040   3.408585e+01  -3.497268e-01   1.495557e-01   3.902294e-03   7.647901e-02 
        Q3ER   3.444295e+01  -3.342897e-01   1.578215e-01   3.902294e-03   7.686944e-02 
        Q3ER   3.480005e+01  -2.975470e-01   1.348369e-01   3.902294e-03   7.880814e-02 
    CSRD0041   3.498595e+01  -2.732250e-01   1.152590e-01   3.902294e-03   8.039925e-02 
         M9E   3.498595e+01  -2.732250e-01   1.152590e-01   3.902294e-03   8.039925e-02 
    CSRD0042   3.519850e+01  -2.454150e-01   9.287329e-02   3.902294e-03   8.221854e-02 
         S1E   3.532350e+01  -2.290603e-01   7.747684e-02   3.902294e-03   8.328844e-02 
         S1E   3.544850e+01  -2.127057e-01   5.801075e-02   3.902294e-03   8.435834e-02 
    CSRD0043   3.555130e+01  -1.992556e-01   4.048475e-02   3.902294e-03   8.523822e-02 
    CSRD0044   3.565130e+01  -1.861719e-01   2.343611e-02   3.902294e-03   8.609414e-02 
        Q2ER   3.615130e+01  -1.306010e-01  -5.214861e-02   3.902294e-03   8.921104e-02 
        Q2ER   3.665130e+01  -9.067135e-02  -1.181833e-01   3.902294e-03   9.081945e-02 
    CSRD0045   3.684490e+01  -7.757334e-02  -1.436018e-01   3.902294e-03   9.126253e-02 
      MSEP2E   3.684490e+01  -7.757334e-02  -1.436018e-01   3.902294e-03   9.126253e-02 
         B2E   3.866980e+01   1.593343e-02  -3.531018e-01   4.749860e-03   1.020524e-01 
       CB2RE   3.866980e+01   1.593343e-02  -3.531018e-01   4.749860e-03   1.020524e-01 
    CSRD0046   3.893275e+01   2.509518e-02  -3.789848e-01   4.749860e-03   1.022120e-01 
        XC4E   3.906275e+01   2.962466e-02  -3.917812e-01   4.749860e-03   1.022909e-01 
        XC4E   3.919275e+01   3.415414e-02  -4.045775e-01   4.749860e-03   1.023698e-01 
    CSRD0047   3.930675e+01   3.812615e-02  -4.157989e-01   4.749860e-03   1.024390e-01 
        YC4E   3.943675e+01   4.265563e-02  -4.285953e-01   4.749860e-03   1.025179e-01 
        YC4E   3.956675e+01   4.718512e-02  -4.413916e-01   4.749860e-03   1.025968e-01 
    CSRD0048   4.075191e+01   8.847866e-02  -5.580510e-01   4.749860e-03   1.033162e-01 
    CSRD0049   4.075191e+01   8.847870e-02  -5.580511e-01   4.749860e-03   1.033162e-01 
       WIG1E   4.099591e+01   9.697993e-02  -5.820670e-01   4.750114e-03   1.034643e-01 
    CSRD0050   4.112244e+01   1.013881e-01  -5.945193e-01   4.750114e-03   1.035415e-01 
       WIG2E   4.161044e+01   1.183888e-01  -6.425392e-01   4.745991e-03   1.038423e-01 
    CSRD0051   4.173696e+01   1.227962e-01  -6.549871e-01   4.745991e-03   1.039194e-01 
       WIG1E   4.198096e+01   1.312955e-01  -6.789902e-01   4.746245e-03   1.040675e-01 
    CSRD0052   4.198097e+01   1.312955e-01  -6.789903e-01   4.746245e-03   1.040675e-01 
    CSRD0053   4.216624e+01   1.377491e-01  -6.972150e-01   4.746245e-03   1.041799e-01 
    P202432T   4.216624e+01   1.377491e-01  -6.972150e-01   4.746245e-03   1.041799e-01 
    CSRD0054   4.246116e+01   1.480213e-01  -7.262238e-01   4.746245e-03   1.043588e-01 
        Q1ER   4.275926e+01   1.537639e-01  -7.283820e-01   4.746245e-03   1.044263e-01 
        Q1ER   4.305736e+01   1.500858e-01  -6.765417e-01   4.746245e-03   1.044614e-01 
    CSRD0055   4.323604e+01   1.450739e-01  -6.297741e-01   4.746245e-03   1.045317e-01 
        M11E   4.323604e+01   1.450739e-01  -6.297741e-01   4.746245e-03   1.045317e-01 
    CSRD0056   4.415226e+01   1.193749e-01  -3.899682e-01   4.746245e-03   1.048921e-01 
    T202452T   4.415226e+01   1.193749e-01  -3.899682e-01   4.746245e-03   1.048921e-01 
    CSRD0057   4.802071e+01   1.086865e-02   6.225410e-01   4.746245e-03   1.064138e-01 
        B1RE   4.908380e+01  -6.937909e-03   8.889088e-01   4.745435e-03   1.237028e-01 
