Printout for SDDS file facet_noFF.mat

 ElementName        s             R16            T166           R56            T566     
                    m             m/1             m             m/1             m       
----------------------------------------------------------------------------------------
       _BEG_   0.000000e+00   0.000000e+00   0.000000e+00   0.000000e+00   0.000000e+00 
           C   0.000000e+00   0.000000e+00   0.000000e+00   0.000000e+00   0.000000e+00 
        B1LE   1.063090e+00   1.200675e-02  -1.200521e-02   9.040973e-05  -4.680550e-17 
       CB1LE   1.063090e+00   1.200675e-02  -1.200521e-02   9.040973e-05  -4.680550e-17 
    CSRD0001   4.929030e+00   9.935067e-02  -9.937142e-02   9.040973e-05   9.866891e-04 
    T202040T   4.929030e+00   9.935067e-02  -9.937142e-02   9.040973e-05   9.866891e-04 
    CSRD0002   5.533970e+00   1.130182e-01  -1.130424e-01   9.040973e-05   1.141086e-03 
    P202042T   5.533970e+00   1.130182e-01  -1.130424e-01   9.040973e-05   1.141086e-03 
    CSRD0003   5.873162e+00   1.206816e-01  -1.207078e-01   9.040973e-05   1.227656e-03 
         M1E   5.873162e+00   1.206816e-01  -1.207078e-01   9.040973e-05   1.227656e-03 
    CSRD0004   6.026445e+00   1.241448e-01  -1.241719e-01   9.040973e-05   1.266778e-03 
         Q1E   6.324545e+00   1.273315e-01  -1.238278e-01   9.040973e-05   1.290924e-03 
         Q1E   6.622645e+00   1.233691e-01  -1.094158e-01   9.040973e-05   1.324328e-03 
    CSRD0005   7.761545e+00   9.473002e-02  -2.842203e-02   9.040973e-05   1.684410e-03 
    CN202069   7.761545e+00   9.473002e-02  -2.842203e-02   9.040973e-05   1.684410e-03 
    CSRD0006   8.011545e+00   8.844346e-02  -1.064309e-02   9.040973e-05   1.763452e-03 
    CH202072   8.011545e+00   8.844346e-02  -1.064309e-02   9.040973e-05   1.763452e-03 
    CSRD0007   8.972445e+00   6.428044e-02   5.769205e-02   9.040973e-05   2.067256e-03 
    CV202082   8.972445e+00   6.428044e-02   5.769205e-02   9.040973e-05   2.067256e-03 
    CSRD0008   9.322445e+00   5.547925e-02   8.258257e-02   9.040973e-05   2.177915e-03 
    CH202085   9.322445e+00   5.547925e-02   8.258257e-02   9.040973e-05   2.177915e-03 
    CSRD0009   9.512445e+00   5.070146e-02   9.609457e-02   9.040973e-05   2.237986e-03 
        YC1E   9.642445e+00   4.743245e-02   1.053396e-01   9.040973e-05   2.279088e-03 
        YC1E   9.772445e+00   4.416344e-02   1.145847e-01   9.040973e-05   2.320190e-03 
    CSRD0010   9.886445e+00   4.129677e-02   1.226919e-01   9.040973e-05   2.356233e-03 
        XC1E   1.001645e+01   3.802776e-02   1.319369e-01   9.040973e-05   2.397334e-03 
        XC1E   1.014645e+01   3.475875e-02   1.411820e-01   9.040973e-05   2.438436e-03 
    CSRD0011   1.041400e+01   2.803087e-02   1.602090e-01   9.040973e-05   2.523027e-03 
         B2E   1.223890e+01  -4.778499e-02   3.198956e-01   2.507794e-04  -3.533481e-03 
       CB2LE   1.223890e+01  -4.778499e-02   3.198956e-01   2.507794e-04  -3.533481e-03 
      MSEP1E   1.223890e+01  -4.778499e-02   3.198956e-01   2.507794e-04  -3.533481e-03 
    CSRD0012   1.243250e+01  -5.900587e-02   3.400225e-01   2.507794e-04  -3.208305e-03 
         Q2E   1.293250e+01  -9.209497e-02   4.175456e-01   2.507794e-04  -2.106862e-03 
         Q2E   1.343250e+01  -1.362137e-01   5.562141e-01   2.507794e-04  -1.454452e-04 
    CSRD0013   1.362615e+01  -1.560659e-01   6.242626e-01   2.507794e-04   8.721075e-04 
         S1E   1.375115e+01  -1.688800e-01   6.672562e-01   2.507794e-04   1.528912e-03 
         S1E   1.387615e+01  -1.816941e-01   7.081851e-01   2.507794e-04   2.185716e-03 
    CSRD0014   1.412656e+01  -2.073645e-01   7.878967e-01   2.507794e-04   3.501490e-03 
         M3E   1.412656e+01  -2.073645e-01   7.878967e-01   2.507794e-04   3.501490e-03 
    CSRD0015   1.428375e+01  -2.234777e-01   8.379312e-01   2.507794e-04   4.327392e-03 
         Q3E   1.464085e+01  -2.522149e-01   9.145309e-01   2.507794e-04   5.513863e-03 
         Q3E   1.499795e+01  -2.641094e-01   9.133109e-01   2.507794e-04   5.747505e-03 
    CSRD0016   1.522735e+01  -2.661077e-01   8.870331e-01   2.507794e-04   5.756209e-03 
         Q3E   1.558445e+01  -2.602986e-01   8.080962e-01   2.507794e-04   5.840406e-03 
         Q3E   1.594155e+01  -2.371070e-01   6.579103e-01   2.507794e-04   6.626480e-03 
    CSRD0017   1.618242e+01  -2.158867e-01   5.348690e-01   2.507794e-04   7.561202e-03 
         S2E   1.656342e+01  -1.823218e-01   3.829070e-01   2.507794e-04   9.039684e-03 
         S2E   1.694442e+01  -1.487568e-01   2.989062e-01   2.507794e-04   1.051817e-02 
    CSRD0018   1.716331e+01  -1.294737e-01   2.656237e-01   2.507794e-04   1.136756e-02 
        XC2E   1.729331e+01  -1.180211e-01   2.458567e-01   2.507794e-04   1.187203e-02 
        XC2E   1.742331e+01  -1.065685e-01   2.260896e-01   2.507794e-04   1.237650e-02 
    CSRD0019   1.889790e+01   2.333820e-02   1.872446e-03   2.507794e-04   1.809868e-02 
         S3E   1.902290e+01   3.435031e-02  -1.711891e-02   2.507794e-04   1.858375e-02 
         S3E   1.914790e+01   4.536242e-02  -3.606007e-02   2.507794e-04   1.906882e-02 
    CSRD0020   1.938760e+01   6.647924e-02  -7.231164e-02   2.507794e-04   1.999898e-02 
         Q4E   1.974470e+01   9.581369e-02  -1.217091e-01   2.507794e-04   2.120623e-02 
         Q4E   2.010180e+01   1.198588e-01  -1.591228e-01   2.507794e-04   2.201999e-02 
    CSRD0021   2.033120e+01   1.333040e-01  -1.785228e-01   2.507794e-04   2.241400e-02 
         Q4E   2.068830e+01   1.503614e-01  -1.996614e-01   2.507794e-04   2.282869e-02 
         Q4E   2.104539e+01   1.591182e-01  -2.015157e-01   2.507794e-04   2.294475e-02 
    CSRD0022   2.127479e+01   1.619482e-01  -1.963033e-01   2.507794e-04   2.296220e-02 
         Q4E   2.163189e+01   1.618429e-01  -1.783559e-01   2.507794e-04   2.297173e-02 
         Q4E   2.198899e+01   1.528032e-01  -1.416695e-01   2.507794e-04   2.309513e-02 
    CSRD0023   2.222869e+01   1.438216e-01  -1.112383e-01   2.507794e-04   2.326340e-02 
         M4E   2.222869e+01   1.438216e-01  -1.112383e-01   2.507794e-04   2.326340e-02 
       D6EA1   2.222869e+01   1.438216e-01  -1.112383e-01   2.507794e-04   2.326340e-02 
         S3E   2.235369e+01   1.391378e-01  -9.494552e-02   2.507794e-04   2.335115e-02 
         S3E   2.247869e+01   1.344539e-01  -7.784286e-02   2.507794e-04   2.343890e-02 
    CSRD0024   2.266627e+01   1.274253e-01  -5.159755e-02   2.507794e-04   2.357059e-02 
        YC2E   2.273427e+01   1.248773e-01  -4.208320e-02   2.507794e-04   2.361832e-02 
        YC2E   2.280227e+01   1.223293e-01  -3.256886e-02   2.507794e-04   2.366606e-02 
    CSRD0025   2.295870e+01   1.164679e-01  -1.068195e-02   2.507794e-04   2.377588e-02 
         Q5E   2.317290e+01   1.092286e-01   1.849563e-02   2.507794e-04   2.389868e-02 
         Q5E   2.338710e+01   1.034999e-01   4.641667e-02   2.507794e-04   2.397571e-02 
        DM5Q   2.338710e+01   1.034999e-01   4.641667e-02   2.507794e-04   2.397571e-02 
         M5E   2.338710e+01   1.034999e-01   4.641667e-02   2.507794e-04   2.397571e-02 
    CSRD0026   2.361640e+01   9.814585e-02   7.580251e-02   2.507794e-04   2.403821e-02 
         B3E   2.414510e+01   8.850290e-02   1.408368e-01   1.200012e-03   2.524013e-02 
       CB3LE   2.414510e+01   8.850290e-02   1.408368e-01   1.200012e-03   2.524013e-02 
    CSRD0027   2.435026e+01   8.580943e-02   1.650311e-01   1.200012e-03   2.525781e-02 
         M6E   2.435026e+01   8.580943e-02   1.650311e-01   1.200012e-03   2.525781e-02 
    CSRD0028   2.438690e+01   8.532834e-02   1.693525e-01   1.200012e-03   2.526097e-02 
         Q6E   2.454190e+01   8.431288e-02   1.887234e-01   1.200012e-03   2.526540e-02 
         MCE   2.454190e+01   8.431288e-02   1.887234e-01   1.200012e-03   2.526540e-02 
         Q6E   2.469690e+01   8.532834e-02   2.106053e-01   1.200012e-03   2.526984e-02 
    CSRD0029   2.493870e+01   8.850290e-02   2.469582e-01   1.200012e-03   2.529068e-02 
         B3E   2.546740e+01   9.814584e-02   3.237591e-01   2.149244e-03   2.830205e-02 
       CB3RE   2.546740e+01   9.814584e-02   3.237591e-01   2.149244e-03   2.830205e-02 
    CSRD0030   2.569670e+01   1.034999e-01   3.558890e-01   2.149244e-03   2.836456e-02 
         M7E   2.569670e+01   1.034999e-01   3.558890e-01   2.149244e-03   2.836456e-02 
        DM7Q   2.569670e+01   1.034999e-01   3.558890e-01   2.149244e-03   2.836456e-02 
        Q5ER   2.591090e+01   1.092381e-01   3.877286e-01   2.149244e-03   2.844185e-02 
        Q5ER   2.612510e+01   1.165067e-01   4.234681e-01   2.149244e-03   2.856566e-02 
    CSRD0031   2.631142e+01   1.235229e-01   4.563652e-01   2.149244e-03   2.869776e-02 
        YC3E   2.637942e+01   1.260835e-01   4.683714e-01   2.149244e-03   2.874597e-02 
        YC3E   2.644742e+01   1.286441e-01   4.803776e-01   2.149244e-03   2.879418e-02 
    CSRD0032   2.660510e+01   1.345819e-01   5.082187e-01   2.149244e-03   2.890598e-02 
         S3E   2.673010e+01   1.392889e-01   5.306765e-01   2.149244e-03   2.899460e-02 
         S3E   2.685510e+01   1.439960e-01   5.539461e-01   2.149244e-03   2.908323e-02 
       D6EA2   2.685510e+01   1.439960e-01   5.539461e-01   2.149244e-03   2.908323e-02 
         M8E   2.685510e+01   1.439960e-01   5.539461e-01   2.149244e-03   2.908323e-02 
    CSRD0033   2.709480e+01   1.530222e-01   5.993815e-01   2.149244e-03   2.925317e-02 
        Q4ER   2.745190e+01   1.618039e-01   6.532903e-01   2.149244e-03   2.937152e-02 
        Q4ER   2.780900e+01   1.610011e-01   6.780378e-01   2.149244e-03   2.938333e-02 
    CSRD0034   2.803840e+01   1.573863e-01   6.841793e-01   2.149244e-03   2.941181e-02 
        Q4ER   2.839550e+01   1.471534e-01   6.779638e-01   2.149244e-03   2.956812e-02 
        Q4ER   2.875260e+01   1.282038e-01   6.402619e-01   2.149244e-03   3.007884e-02 
    CSRD0035   2.898200e+01   1.134453e-01   6.060951e-01   2.149244e-03   3.055359e-02 
        Q4ER   2.933910e+01   8.733851e-02   5.386002e-01   2.149244e-03   3.151212e-02 
        Q4ER   2.969620e+01   5.605809e-02   4.443486e-01   2.149244e-03   3.288429e-02 
    CSRD0036   2.993590e+01   3.372602e-02   3.728712e-01   2.149244e-03   3.392459e-02 
         S3E   3.006090e+01   2.208017e-02   3.356156e-01   2.149244e-03   3.446710e-02 
         S3E   3.018590e+01   1.043432e-02   2.983813e-01   2.149244e-03   3.500960e-02 
    CSRD0037   3.166135e+01  -1.270286e-01  -1.410646e-01   2.149244e-03   4.141309e-02 
        XC3E   3.179135e+01  -1.391403e-01  -1.797837e-01   2.149244e-03   4.197729e-02 
        XC3E   3.192135e+01  -1.512520e-01  -2.185027e-01   2.149244e-03   4.254149e-02 
    CSRD0038   3.214255e+01  -1.718605e-01  -2.843846e-01   2.149244e-03   4.350151e-02 
         S2E   3.252355e+01  -2.073570e-01  -3.634901e-01   2.149244e-03   4.515506e-02 
         S2E   3.290455e+01  -2.428536e-01  -3.547559e-01   2.149244e-03   4.680861e-02 
    CSRD0039   3.314225e+01  -2.649993e-01  -3.154156e-01   2.149244e-03   4.784023e-02 
        Q3ER   3.349935e+01  -2.894703e-01  -2.556446e-01   2.149244e-03   4.871599e-02 
        Q3ER   3.385645e+01  -2.954922e-01  -1.979308e-01   2.149244e-03   4.880828e-02 
    CSRD0040   3.408585e+01  -2.932881e-01  -1.624664e-01   2.149244e-03   4.881887e-02 
        Q3ER   3.444295e+01  -2.805474e-01  -1.119302e-01   2.149244e-03   4.908610e-02 
        Q3ER   3.480005e+01  -2.499263e-01  -7.204505e-02   2.149244e-03   5.043311e-02 
    CSRD0041   3.498595e+01  -2.296237e-01  -5.423665e-02   2.149244e-03   5.154178e-02 
         M9E   3.498595e+01  -2.296237e-01  -5.423665e-02   2.149244e-03   5.154178e-02 
    CSRD0042   3.519850e+01  -2.064096e-01  -3.387427e-02   2.149244e-03   5.280945e-02 
         S1E   3.532350e+01  -1.927577e-01  -2.337339e-02   2.149244e-03   5.355494e-02 
         S1E   3.544850e+01  -1.791058e-01  -1.556201e-02   2.149244e-03   5.430044e-02 
    CSRD0043   3.555130e+01  -1.678785e-01  -1.014137e-02   2.149244e-03   5.491353e-02 
    CSRD0044   3.565130e+01  -1.569570e-01  -4.868363e-03   2.149244e-03   5.550993e-02 
        Q2ER   3.615130e+01  -1.106627e-01   3.012875e-02   2.149244e-03   5.767363e-02 
        Q2ER   3.665130e+01  -7.762181e-02   8.211829e-02   2.149244e-03   5.877549e-02 
    CSRD0045   3.684490e+01  -6.684245e-02   1.057166e-01   2.149244e-03   5.907558e-02 
      MSEP2E   3.684490e+01  -6.684245e-02   1.057166e-01   2.149244e-03   5.907558e-02 
         B2E   3.866980e+01   4.812404e-03   3.581383e-01   3.003211e-03   5.311738e-02 
       CB2RE   3.866980e+01   4.812404e-03   3.581383e-01   3.003211e-03   5.311738e-02 
    CSRD0046   3.893275e+01   1.082494e-02   3.988258e-01   3.003211e-03   5.318612e-02 
        XC4E   3.906275e+01   1.379748e-02   4.189412e-01   3.003211e-03   5.322010e-02 
        XC4E   3.919275e+01   1.677002e-02   4.390567e-01   3.003211e-03   5.325409e-02 
    CSRD0047   3.930675e+01   1.937671e-02   4.566965e-01   3.003211e-03   5.328389e-02 
        YC4E   3.943675e+01   2.234926e-02   4.768119e-01   3.003211e-03   5.331787e-02 
        YC4E   3.956675e+01   2.532180e-02   4.969274e-01   3.003211e-03   5.335186e-02 
    CSRD0048   4.075191e+01   5.242132e-02   6.803126e-01   3.003211e-03   5.366168e-02 
    CSRD0049   4.075191e+01   5.242134e-02   6.803127e-01   3.003211e-03   5.366168e-02 
       WIG1E   4.099591e+01   5.800042e-02   7.180661e-01   3.003465e-03   5.372547e-02 
    CSRD0050   4.112244e+01   6.089334e-02   7.376420e-01   3.003465e-03   5.375894e-02 
       WIG2E   4.161044e+01   7.205044e-02   8.131367e-01   2.999342e-03   5.389111e-02 
    CSRD0051   4.173696e+01   7.494295e-02   8.327082e-01   2.999342e-03   5.392457e-02 
       WIG1E   4.198096e+01   8.052086e-02   8.704490e-01   2.999596e-03   5.398832e-02 
    CSRD0052   4.198097e+01   8.052088e-02   8.704491e-01   2.999596e-03   5.398832e-02 
    CSRD0053   4.216624e+01   8.475621e-02   8.991053e-01   2.999596e-03   5.403673e-02 
    P202432T   4.216624e+01   8.475621e-02   8.991053e-01   2.999596e-03   5.403673e-02 
    CSRD0054   4.246116e+01   9.149770e-02   9.447182e-01   2.999596e-03   5.411379e-02 
        Q1ER   4.275926e+01   9.543941e-02   9.642700e-01   2.999596e-03   5.414453e-02 
        Q1ER   4.305736e+01   9.353378e-02   9.305607e-01   2.999596e-03   5.415542e-02 
    CSRD0055   4.323604e+01   9.064449e-02   8.946386e-01   2.999596e-03   5.417878e-02 
        M11E   4.323604e+01   9.064449e-02   8.946386e-01   2.999596e-03   5.417878e-02 
    CSRD0056   4.415226e+01   7.582934e-02   7.104441e-01   2.999596e-03   5.429856e-02 
    T202452T   4.415226e+01   7.582934e-02   7.104441e-01   2.999596e-03   5.429856e-02 
    CSRD0057   4.802071e+01   1.327675e-02  -6.726265e-02   2.999596e-03   5.480429e-02 
        B1RE   4.908380e+01   8.098276e-03  -2.929961e-01   3.195822e-03   5.081551e-02 
