Printout for SDDS file facet_noFF.mat

 ElementName        s             R16            T166           R56            T566     
                    m             m/1             m             m/1             m       
----------------------------------------------------------------------------------------
       _BEG_   0.000000e+00   0.000000e+00   0.000000e+00   0.000000e+00   0.000000e+00 
           C   0.000000e+00   0.000000e+00   0.000000e+00   0.000000e+00   0.000000e+00 
        B1LE   1.063090e+00   1.200675e-02  -1.200521e-02   9.040973e-05  -4.680550e-17 
       CB1LE   1.063090e+00   1.200675e-02  -1.200521e-02   9.040973e-05  -4.680550e-17 
    CSRD0001   4.929030e+00   9.935067e-02  -9.937142e-02   9.040973e-05   9.866891e-04 
    T202040T   4.929030e+00   9.935067e-02  -9.937142e-02   9.040973e-05   9.866891e-04 
    CSRD0002   5.533970e+00   1.130182e-01  -1.130424e-01   9.040973e-05   1.141086e-03 
    P202042T   5.533970e+00   1.130182e-01  -1.130424e-01   9.040973e-05   1.141086e-03 
    CSRD0003   5.873162e+00   1.206816e-01  -1.207078e-01   9.040973e-05   1.227656e-03 
         M1E   5.873162e+00   1.206816e-01  -1.207078e-01   9.040973e-05   1.227656e-03 
    CSRD0004   6.026445e+00   1.241448e-01  -1.241719e-01   9.040973e-05   1.266778e-03 
         Q1E   6.324545e+00   1.270487e-01  -1.232649e-01   9.040973e-05   1.289209e-03 
         Q1E   6.622645e+00   1.222508e-01  -1.072227e-01   9.040973e-05   1.335982e-03 
    CSRD0005   7.761545e+00   8.943080e-02  -1.819878e-02   9.040973e-05   1.808873e-03 
    CN202069   7.761545e+00   8.943080e-02  -1.819878e-02   9.040973e-05   1.808873e-03 
    CSRD0006   8.011545e+00   8.222649e-02   1.342873e-03   9.040973e-05   1.912677e-03 
    CH202072   8.011545e+00   8.222649e-02   1.342873e-03   9.040973e-05   1.912677e-03 
    CSRD0007   8.972445e+00   5.453599e-02   7.645316e-02   9.040973e-05   2.311659e-03 
    CV202082   8.972445e+00   5.453599e-02   7.645316e-02   9.040973e-05   2.311659e-03 
    CSRD0008   9.322445e+00   4.444995e-02   1.038115e-01   9.040973e-05   2.456985e-03 
    CH202085   9.322445e+00   4.444995e-02   1.038115e-01   9.040973e-05   2.456985e-03 
    CSRD0009   9.512445e+00   3.897467e-02   1.186631e-01   9.040973e-05   2.535876e-03 
        YC1E   9.642445e+00   3.522843e-02   1.288248e-01   9.040973e-05   2.589855e-03 
        YC1E   9.772445e+00   3.148219e-02   1.389864e-01   9.040973e-05   2.643833e-03 
    CSRD0010   9.886445e+00   2.819702e-02   1.478974e-01   9.040973e-05   2.691168e-03 
        XC1E   1.001645e+01   2.445078e-02   1.580591e-01   9.040973e-05   2.745146e-03 
        XC1E   1.014645e+01   2.070454e-02   1.682207e-01   9.040973e-05   2.799124e-03 
    CSRD0011   1.041400e+01   1.299448e-02   1.891342e-01   9.040973e-05   2.910215e-03 
         B2E   1.223890e+01  -6.951940e-02   3.616601e-01   8.540566e-04  -4.015683e-03 
       CB2LE   1.223890e+01  -6.951940e-02   3.616601e-01   8.540566e-04  -4.015683e-03 
      MSEP1E   1.223890e+01  -6.951940e-02   3.616601e-01   8.540566e-04  -4.015683e-03 
    CSRD0012   1.243250e+01  -8.145098e-02   3.831530e-01   8.540566e-04  -3.648010e-03 
         Q2E   1.293250e+01  -1.177561e-01   4.682511e-01   8.540566e-04  -2.318565e-03 
         Q2E   1.343250e+01  -1.681642e-01   6.236707e-01   8.540566e-04   2.458506e-04 
    CSRD0013   1.362615e+01  -1.911314e-01   7.002874e-01   8.540566e-04   1.607787e-03 
         S1E   1.375115e+01  -2.059562e-01   7.483059e-01   8.540566e-04   2.486882e-03 
         S1E   1.387615e+01  -2.207810e-01   7.931548e-01   8.540566e-04   3.365976e-03 
    CSRD0014   1.412656e+01  -2.504794e-01   8.795154e-01   8.540566e-04   5.127064e-03 
         M3E   1.412656e+01  -2.504794e-01   8.795154e-01   8.540566e-04   5.127064e-03 
    CSRD0015   1.428375e+01  -2.691209e-01   9.337234e-01   8.540566e-04   6.232487e-03 
         Q3E   1.464085e+01  -3.024001e-01   1.016632e+00   8.540566e-04   7.823221e-03 
         Q3E   1.499795e+01  -3.163096e-01   1.015156e+00   8.540566e-04   8.141029e-03 
    CSRD0016   1.522735e+01  -3.187636e-01   9.865699e-01   8.540566e-04   8.154155e-03 
         Q3E   1.558445e+01  -3.123337e-01   9.007553e-01   8.540566e-04   8.260850e-03 
         Q3E   1.594155e+01  -2.858979e-01   7.373456e-01   8.540566e-04   9.283226e-03 
    CSRD0017   1.618242e+01  -2.616302e-01   6.033566e-01   8.540566e-04   1.050569e-02 
         S2E   1.656342e+01  -2.232452e-01   4.422139e-01   8.540566e-04   1.243929e-02 
         S2E   1.694442e+01  -1.848602e-01   3.631309e-01   8.540566e-04   1.437290e-02 
    CSRD0018   1.716331e+01  -1.628079e-01   3.361229e-01   8.540566e-04   1.548376e-02 
        XC2E   1.729331e+01  -1.497106e-01   3.200824e-01   8.540566e-04   1.614353e-02 
        XC2E   1.742331e+01  -1.366134e-01   3.040419e-01   8.540566e-04   1.680329e-02 
    CSRD0019   1.889790e+01   1.194856e-02   1.220946e-01   8.540566e-04   2.428695e-02 
         S3E   1.902290e+01   2.454207e-02   1.066814e-01   8.540566e-04   2.492133e-02 
         S3E   1.914790e+01   3.713557e-02   9.131666e-02   8.540566e-04   2.555572e-02 
    CSRD0020   1.938760e+01   6.128488e-02   6.193396e-02   8.540566e-04   2.677222e-02 
         Q4E   1.974470e+01   9.510927e-02   1.891352e-02   8.540566e-04   2.837666e-02 
         Q4E   2.010180e+01   1.233473e-01  -1.965894e-02   8.540566e-04   2.949804e-02 
    CSRD0021   2.033120e+01   1.393168e-01  -4.212782e-02   8.540566e-04   3.005390e-02 
         Q4E   2.068830e+01   1.598408e-01  -7.120965e-02   8.540566e-04   3.065290e-02 
         Q4E   2.104539e+01   1.709762e-01  -8.676655e-02   8.540566e-04   3.083777e-02 
    CSRD0022   2.127479e+01   1.749428e-01  -9.200369e-02   8.540566e-04   3.087207e-02 
         Q4E   2.163189e+01   1.759191e-01  -9.220133e-02   8.540566e-04   3.088606e-02 
         Q4E   2.198899e+01   1.665625e-01  -7.670131e-02   8.540566e-04   3.102071e-02 
    CSRD0023   2.222869e+01   1.569038e-01  -6.127191e-02   8.540566e-04   3.121531e-02 
         M4E   2.222869e+01   1.569038e-01  -6.127191e-02   8.540566e-04   3.121531e-02 
       D6EA1   2.222869e+01   1.569038e-01  -6.127191e-02   8.540566e-04   3.121531e-02 
         S3E   2.235369e+01   1.518669e-01  -5.229785e-02   8.540566e-04   3.131679e-02 
         S3E   2.247869e+01   1.468300e-01  -4.154727e-02   8.540566e-04   3.141827e-02 
    CSRD0024   2.266627e+01   1.392715e-01  -2.414020e-02   8.540566e-04   3.157055e-02 
        YC2E   2.273427e+01   1.365315e-01  -1.782986e-02   8.540566e-04   3.162576e-02 
        YC2E   2.280227e+01   1.337914e-01  -1.151951e-02   8.540566e-04   3.168097e-02 
    CSRD0025   2.295870e+01   1.274881e-01   2.996867e-03   8.540566e-04   3.180796e-02 
         Q5E   2.317290e+01   1.197250e-01   2.207227e-02   8.540566e-04   3.194921e-02 
         Q5E   2.338710e+01   1.136302e-01   3.978504e-02   8.540566e-04   3.203643e-02 
        DM5Q   2.338710e+01   1.136302e-01   3.978504e-02   8.540566e-04   3.203643e-02 
         M5E   2.338710e+01   1.136302e-01   3.978504e-02   8.540566e-04   3.203643e-02 
    CSRD0026   2.361640e+01   1.079664e-01   5.813897e-02   8.540566e-04   3.210638e-02 
         B3E   2.414510e+01   9.760927e-02   9.773396e-02   1.900012e-03   3.301126e-02 
       CB3LE   2.414510e+01   9.760927e-02   9.773396e-02   1.900012e-03   3.301126e-02 
    CSRD0027   2.435026e+01   9.463866e-02   1.120580e-01   1.900012e-03   3.303277e-02 
         M6E   2.435026e+01   9.463866e-02   1.120580e-01   1.900012e-03   3.303277e-02 
    CSRD0028   2.438690e+01   9.410807e-02   1.146164e-01   1.900012e-03   3.303661e-02 
         Q6E   2.454190e+01   9.298813e-02   1.257358e-01   1.900012e-03   3.304201e-02 
         MCE   2.454190e+01   9.298813e-02   1.257358e-01   1.900012e-03   3.304201e-02 
         Q6E   2.469690e+01   9.410807e-02   1.376395e-01   1.900012e-03   3.304741e-02 
    CSRD0029   2.493870e+01   9.760927e-02   1.569600e-01   1.900012e-03   3.307276e-02 
         B3E   2.546740e+01   1.079664e-01   1.965228e-01   2.945967e-03   3.498749e-02 
       CB3RE   2.546740e+01   1.079664e-01   1.965228e-01   2.945967e-03   3.498749e-02 
    CSRD0030   2.569670e+01   1.136302e-01   2.125006e-01   2.945967e-03   3.505744e-02 
         M7E   2.569670e+01   1.136302e-01   2.125006e-01   2.945967e-03   3.505744e-02 
        DM7Q   2.569670e+01   1.136302e-01   2.125006e-01   2.945967e-03   3.505744e-02 
        Q5ER   2.591090e+01   1.197294e-01   2.281403e-01   2.945967e-03   3.514479e-02 
        Q5ER   2.612510e+01   1.275060e-01   2.452970e-01   2.945967e-03   3.528654e-02 
    CSRD0031   2.631142e+01   1.350299e-01   2.609186e-01   2.945967e-03   3.543845e-02 
        YC3E   2.637942e+01   1.377758e-01   2.666199e-01   2.945967e-03   3.549389e-02 
        YC3E   2.644742e+01   1.405217e-01   2.723212e-01   2.945967e-03   3.554933e-02 
    CSRD0032   2.660510e+01   1.468892e-01   2.855419e-01   2.945967e-03   3.567790e-02 
         S3E   2.673010e+01   1.519368e-01   2.968722e-01   2.945967e-03   3.577981e-02 
         S3E   2.685510e+01   1.569845e-01   3.099807e-01   2.945967e-03   3.588173e-02 
       D6EA2   2.685510e+01   1.569845e-01   3.099807e-01   2.945967e-03   3.588173e-02 
         M8E   2.685510e+01   1.569845e-01   3.099807e-01   2.945967e-03   3.588173e-02 
    CSRD0033   2.709480e+01   1.666638e-01   3.368986e-01   2.945967e-03   3.607716e-02 
        Q4ER   2.745190e+01   1.760050e-01   3.716793e-01   2.945967e-03   3.621162e-02 
        Q4ER   2.780900e+01   1.749203e-01   3.948172e-01   2.945967e-03   3.622615e-02 
    CSRD0034   2.803840e+01   1.708552e-01   4.056276e-01   2.945967e-03   3.626217e-02 
        Q4ER   2.839550e+01   1.595294e-01   4.152483e-01   2.945967e-03   3.645319e-02 
        Q4ER   2.875260e+01   1.387536e-01   4.096742e-01   2.945967e-03   3.706686e-02 
    CSRD0035   2.898200e+01   1.226076e-01   4.009991e-01   2.945967e-03   3.763507e-02 
        Q4ER   2.933910e+01   9.409085e-02   3.791171e-01   2.945967e-03   3.877861e-02 
        Q4ER   2.969620e+01   6.000052e-02   3.403235e-01   2.945967e-03   4.040831e-02 
    CSRD0036   2.993590e+01   3.568430e-02   3.086311e-01   2.945967e-03   4.164168e-02 
         S3E   3.006090e+01   2.300376e-02   2.921424e-01   2.945967e-03   4.228487e-02 
         S3E   3.018590e+01   1.032321e-02   2.756965e-01   2.945967e-03   4.292805e-02 
    CSRD0037   3.166135e+01  -1.393529e-01   8.167612e-02   2.945967e-03   5.051995e-02 
        XC3E   3.179135e+01  -1.525407e-01   6.458124e-02   2.945967e-03   5.118886e-02 
        XC3E   3.192135e+01  -1.657284e-01   4.748635e-02   2.945967e-03   5.185778e-02 
    CSRD0038   3.214255e+01  -1.881679e-01   1.839875e-02   2.945967e-03   5.299596e-02 
         S2E   3.252355e+01  -2.268182e-01   1.479815e-03   2.945967e-03   5.495638e-02 
         S2E   3.290455e+01  -2.654685e-01   6.926085e-02   2.945967e-03   5.691681e-02 
    CSRD0039   3.314225e+01  -2.895819e-01   1.441985e-01   2.945967e-03   5.813989e-02 
        Q3ER   3.349935e+01  -3.161939e-01   2.414217e-01   2.945967e-03   5.917602e-02 
        Q3ER   3.385645e+01  -3.226537e-01   3.032135e-01   2.945967e-03   5.928396e-02 
    CSRD0040   3.408585e+01  -3.201719e-01   3.303945e-01   2.945967e-03   5.929738e-02 
        Q3ER   3.444295e+01  -3.061468e-01   3.516198e-01   2.945967e-03   5.962039e-02 
        Q3ER   3.480005e+01  -2.726098e-01   3.310273e-01   2.945967e-03   6.123585e-02 
    CSRD0041   3.498595e+01  -2.503927e-01   3.098569e-01   2.945967e-03   6.256348e-02 
         M9E   3.498595e+01  -2.503927e-01   3.098569e-01   2.945967e-03   6.256348e-02 
    CSRD0042   3.519850e+01  -2.249893e-01   2.856504e-01   2.945967e-03   6.408152e-02 
         S1E   3.532350e+01  -2.100500e-01   2.696075e-01   2.945967e-03   6.497425e-02 
         S1E   3.544850e+01  -1.951107e-01   2.502678e-01   2.945967e-03   6.586698e-02 
    CSRD0043   3.555130e+01  -1.828246e-01   2.331333e-01   2.945967e-03   6.660116e-02 
    CSRD0044   3.565130e+01  -1.708732e-01   2.164654e-01   2.945967e-03   6.731534e-02 
        Q2ER   3.615130e+01  -1.201601e-01   1.535697e-01   2.945967e-03   6.991145e-02 
        Q2ER   3.665130e+01  -8.383780e-02   1.235989e-01   2.945967e-03   7.124269e-02 
    CSRD0045   3.684490e+01  -7.195397e-02   1.171881e-01   2.945967e-03   7.160742e-02 
      MSEP2E   3.684490e+01  -7.195397e-02   1.171881e-01   2.945967e-03   7.160742e-02 
         B2E   3.866980e+01   1.010976e-02   8.680722e-02   3.796884e-03   7.035094e-02 
       CB2RE   3.866980e+01   1.010976e-02   8.680722e-02   3.796884e-03   7.035094e-02 
    CSRD0046   3.893275e+01   1.762239e-02   8.673811e-02   3.796884e-03   7.045826e-02 
        XC4E   3.906275e+01   2.133656e-02   8.670393e-02   3.796884e-03   7.051131e-02 
        XC4E   3.919275e+01   2.505073e-02   8.666976e-02   3.796884e-03   7.056437e-02 
    CSRD0047   3.930675e+01   2.830777e-02   8.663980e-02   3.796884e-03   7.061090e-02 
        YC4E   3.943675e+01   3.202194e-02   8.660563e-02   3.796884e-03   7.066396e-02 
        YC4E   3.956675e+01   3.573611e-02   8.657145e-02   3.796884e-03   7.071702e-02 
    CSRD0048   4.075191e+01   6.959677e-02   8.625992e-02   3.796884e-03   7.120072e-02 
    CSRD0049   4.075191e+01   6.959680e-02   8.625992e-02   3.796884e-03   7.120072e-02 
       WIG1E   4.099591e+01   7.656781e-02   8.619573e-02   3.797139e-03   7.130030e-02 
    CSRD0050   4.112244e+01   8.018248e-02   8.616241e-02   3.797139e-03   7.135233e-02 
       WIG2E   4.161044e+01   9.412311e-02   8.603368e-02   3.793015e-03   7.155609e-02 
    CSRD0051   4.173696e+01   9.773724e-02   8.600034e-02   3.793015e-03   7.160810e-02 
       WIG1E   4.198096e+01   1.047067e-01   8.593608e-02   3.793270e-03   7.170764e-02 
    CSRD0052   4.198097e+01   1.047067e-01   8.593608e-02   3.793270e-03   7.170764e-02 
    CSRD0053   4.216624e+01   1.099987e-01   8.588729e-02   3.793270e-03   7.178321e-02 
    P202432T   4.216624e+01   1.099987e-01   8.588729e-02   3.793270e-03   7.178321e-02 
    CSRD0054   4.246116e+01   1.184220e-01   8.580963e-02   3.793270e-03   7.190351e-02 
        Q1ER   4.275926e+01   1.232215e-01   8.679920e-02   3.793270e-03   7.194998e-02 
        Q1ER   4.305736e+01   1.204716e-01   8.998150e-02   3.793270e-03   7.197063e-02 
    CSRD0055   4.323604e+01   1.165712e-01   9.250307e-02   3.793270e-03   7.201320e-02 
        M11E   4.323604e+01   1.165712e-01   9.250307e-02   3.793270e-03   7.201320e-02 
    CSRD0056   4.415226e+01   9.657173e-02   1.054327e-01   3.793270e-03   7.223148e-02 
    T202452T   4.415226e+01   9.657173e-02   1.054327e-01   3.793270e-03   7.223148e-02 
    CSRD0057   4.802071e+01   1.212968e-02   1.600243e-01   3.793270e-03   7.315309e-02 
        B1RE   4.908380e+01   9.359815e-04   1.630520e-01   3.895640e-03   7.692902e-02 
