Printout for SDDS file facet_noFF.mat

 ElementName        s             R16            T166           R56            T566     
                    m             m/1             m             m/1             m       
----------------------------------------------------------------------------------------
       _BEG_   0.000000e+00   0.000000e+00   0.000000e+00   0.000000e+00   0.000000e+00 
           C   0.000000e+00   0.000000e+00   0.000000e+00   0.000000e+00   0.000000e+00 
        B1LE   1.063090e+00   1.200675e-02  -1.200521e-02   9.040973e-05  -4.680550e-17 
       CB1LE   1.063090e+00   1.200675e-02  -1.200521e-02   9.040973e-05  -4.680550e-17 
    CSRD0001   4.929030e+00   9.935067e-02  -9.937142e-02   9.040973e-05   9.866891e-04 
    T202040T   4.929030e+00   9.935067e-02  -9.937142e-02   9.040973e-05   9.866891e-04 
    CSRD0002   5.533970e+00   1.130182e-01  -1.130424e-01   9.040973e-05   1.141086e-03 
    P202042T   5.533970e+00   1.130182e-01  -1.130424e-01   9.040973e-05   1.141086e-03 
    CSRD0003   5.873162e+00   1.206816e-01  -1.207078e-01   9.040973e-05   1.227656e-03 
         M1E   5.873162e+00   1.206816e-01  -1.207078e-01   9.040973e-05   1.227656e-03 
    CSRD0004   6.026445e+00   1.241448e-01  -1.241719e-01   9.040973e-05   1.266778e-03 
         Q1E   6.324545e+00   1.271301e-01  -1.234268e-01   9.040973e-05   1.289665e-03 
         Q1E   6.622645e+00   1.225722e-01  -1.078527e-01   9.040973e-05   1.332351e-03 
    CSRD0005   7.761545e+00   9.095247e-02  -2.113130e-02   9.040973e-05   1.771285e-03 
    CN202069   7.761545e+00   9.095247e-02  -2.113130e-02   9.040973e-05   1.771285e-03 
    CSRD0006   8.011545e+00   8.401162e-02  -2.095087e-03   9.040973e-05   1.867636e-03 
    CH202072   8.011545e+00   8.401162e-02  -2.095087e-03   9.040973e-05   1.867636e-03 
    CSRD0007   8.972445e+00   5.733380e-02   7.107249e-02   9.040973e-05   2.237969e-03 
    CV202082   8.972445e+00   5.733380e-02   7.107249e-02   9.040973e-05   2.237969e-03 
    CSRD0008   9.322445e+00   4.761662e-02   9.772318e-02   9.040973e-05   2.372860e-03 
    CH202085   9.322445e+00   4.761662e-02   9.772318e-02   9.040973e-05   2.372860e-03 
    CSRD0009   9.512445e+00   4.234158e-02   1.121907e-01   9.040973e-05   2.446086e-03 
        YC1E   9.642445e+00   3.873234e-02   1.220895e-01   9.040973e-05   2.496189e-03 
        YC1E   9.772445e+00   3.512310e-02   1.319884e-01   9.040973e-05   2.546291e-03 
    CSRD0010   9.886445e+00   3.195808e-02   1.406689e-01   9.040973e-05   2.590227e-03 
        XC1E   1.001645e+01   2.834884e-02   1.505677e-01   9.040973e-05   2.640329e-03 
        XC1E   1.014645e+01   2.473960e-02   1.604665e-01   9.040973e-05   2.690432e-03 
    CSRD0011   1.041400e+01   1.731151e-02   1.808391e-01   9.040973e-05   2.793546e-03 
         B2E   1.223890e+01  -6.327948e-02   3.496838e-01   6.808549e-04  -3.885648e-03 
       CB2LE   1.223890e+01  -6.327948e-02   3.496838e-01   6.808549e-04  -3.885648e-03 
      MSEP1E   1.223890e+01  -6.327948e-02   3.496838e-01   6.808549e-04  -3.885648e-03 
    CSRD0012   1.243250e+01  -7.500704e-02   3.707851e-01   6.808549e-04  -3.530442e-03 
         Q2E   1.293250e+01  -1.103889e-01   4.537105e-01   6.808549e-04  -2.268707e-03 
         Q2E   1.343250e+01  -1.589913e-01   6.043251e-01   6.808549e-04   1.143022e-04 
    CSRD0013   1.362615e+01  -1.810643e-01   6.784840e-01   6.808549e-04   1.372240e-03 
         S1E   1.375115e+01  -1.953118e-01   7.250738e-01   6.808549e-04   2.184208e-03 
         S1E   1.387615e+01  -2.095593e-01   7.688386e-01   6.808549e-04   2.996175e-03 
    CSRD0014   1.412656e+01  -2.381013e-01   8.534026e-01   6.808549e-04   4.622785e-03 
         M3E   1.412656e+01  -2.381013e-01   8.534026e-01   6.808549e-04   4.622785e-03 
    CSRD0015   1.428375e+01  -2.560169e-01   9.064829e-01   6.808549e-04   5.643798e-03 
         Q3E   1.464085e+01  -2.879915e-01   9.877462e-01   6.808549e-04   7.112363e-03 
         Q3E   1.499795e+01  -3.013209e-01   9.865164e-01   6.808549e-04   7.404624e-03 
    CSRD0016   1.522735e+01  -3.036427e-01   9.587039e-01   6.808549e-04   7.416374e-03 
         Q3E   1.558445e+01  -2.973887e-01   8.750281e-01   6.808549e-04   7.516377e-03 
         Q3E   1.594155e+01  -2.718810e-01   7.155518e-01   6.808549e-04   8.467972e-03 
    CSRD0017   1.618242e+01  -2.484857e-01   5.847851e-01   6.808549e-04   9.604125e-03 
         S2E   1.656342e+01  -2.114805e-01   4.266439e-01   6.808549e-04   1.140122e-02 
         S2E   1.694442e+01  -1.744753e-01   3.469020e-01   6.808549e-04   1.319831e-02 
    CSRD0018   1.716331e+01  -1.532157e-01   3.186114e-01   6.808549e-04   1.423074e-02 
        XC2E   1.729331e+01  -1.405893e-01   3.018091e-01   6.808549e-04   1.484392e-02 
        XC2E   1.742331e+01  -1.279628e-01   2.850069e-01   6.808549e-04   1.545710e-02 
    CSRD0019   1.889790e+01   1.525876e-02   9.441918e-02   6.808549e-04   2.241240e-02 
         S3E   1.902290e+01   2.739956e-02   7.827593e-02   6.808549e-04   2.300200e-02 
         S3E   1.914790e+01   3.954037e-02   6.218460e-02   6.808549e-04   2.359160e-02 
    CSRD0020   1.938760e+01   6.282157e-02   3.140926e-02   6.808549e-04   2.472221e-02 
         Q4E   1.974470e+01   9.535769e-02  -1.276583e-02   6.808549e-04   2.620691e-02 
         Q4E   2.010180e+01   1.223887e-01  -5.072551e-02   6.808549e-04   2.723470e-02 
    CSRD0021   2.033120e+01   1.376309e-01  -7.226578e-02   6.808549e-04   2.774107e-02 
         Q4E   2.068830e+01   1.571563e-01  -9.920601e-02   6.808549e-04   2.828351e-02 
         Q4E   2.104539e+01   1.676090e-01  -1.113901e-01   6.808549e-04   2.844696e-02 
    CSRD0022   2.127479e+01   1.712509e-01  -1.141201e-01   6.808549e-04   2.847587e-02 
         Q4E   2.163189e+01   1.719223e-01  -1.100607e-01   6.808549e-04   2.848820e-02 
         Q4E   2.198899e+01   1.626685e-01  -8.977033e-02   6.808549e-04   2.861922e-02 
    CSRD0023   2.222869e+01   1.532140e-01  -7.100287e-02   6.808549e-04   2.880568e-02 
         M4E   2.222869e+01   1.532140e-01  -7.100287e-02   6.808549e-04   2.880568e-02 
       D6EA1   2.222869e+01   1.532140e-01  -7.100287e-02   6.808549e-04   2.880568e-02 
         S3E   2.235369e+01   1.482836e-01  -6.044670e-02   6.808549e-04   2.890291e-02 
         S3E   2.247869e+01   1.433532e-01  -4.841793e-02   6.808549e-04   2.900015e-02 
    CSRD0024   2.266627e+01   1.359545e-01  -2.931091e-02   6.808549e-04   2.914606e-02 
        YC2E   2.273427e+01   1.332724e-01  -2.238431e-02   6.808549e-04   2.919895e-02 
        YC2E   2.280227e+01   1.305903e-01  -1.545771e-02   6.808549e-04   2.925185e-02 
    CSRD0025   2.295870e+01   1.244203e-01   4.763154e-04   6.808549e-04   2.937353e-02 
         Q5E   2.317290e+01   1.168133e-01   2.150599e-02   6.808549e-04   2.950915e-02 
         Q5E   2.338710e+01   1.108235e-01   4.121438e-02   6.808549e-04   2.959338e-02 
        DM5Q   2.338710e+01   1.108235e-01   4.121438e-02   6.808549e-04   2.959338e-02 
         M5E   2.338710e+01   1.108235e-01   4.121438e-02   6.808549e-04   2.959338e-02 
    CSRD0026   2.361640e+01   1.052455e-01   6.173516e-02   6.808549e-04   2.966122e-02 
         B3E   2.414510e+01   9.508623e-02   1.063271e-01   1.700012e-03   3.062456e-02 
       CB3LE   2.414510e+01   9.508623e-02   1.063271e-01   1.700012e-03   3.062456e-02 
    CSRD0027   2.435026e+01   9.219240e-02   1.225899e-01   1.700012e-03   3.064497e-02 
         M6E   2.435026e+01   9.219240e-02   1.225899e-01   1.700012e-03   3.064497e-02 
    CSRD0028   2.438690e+01   9.167553e-02   1.254946e-01   1.700012e-03   3.064861e-02 
         Q6E   2.454190e+01   9.058453e-02   1.382447e-01   1.700012e-03   3.065374e-02 
         MCE   2.454190e+01   9.058453e-02   1.382447e-01   1.700012e-03   3.065374e-02 
         Q6E   2.469690e+01   9.167553e-02   1.521384e-01   1.700012e-03   3.065886e-02 
    CSRD0029   2.493870e+01   9.508623e-02   1.748676e-01   1.700012e-03   3.068291e-02 
         B3E   2.546740e+01   1.052455e-01   2.218825e-01   2.719169e-03   3.281492e-02 
       CB3RE   2.546740e+01   1.052455e-01   2.218825e-01   2.719169e-03   3.281492e-02 
    CSRD0030   2.569670e+01   1.108235e-01   2.410928e-01   2.719169e-03   3.288276e-02 
         M7E   2.569670e+01   1.108235e-01   2.410928e-01   2.719169e-03   3.288276e-02 
        DM7Q   2.569670e+01   1.108235e-01   2.410928e-01   2.719169e-03   3.288276e-02 
        Q5ER   2.591090e+01   1.168227e-01   2.599795e-01   2.719169e-03   3.296727e-02 
        Q5ER   2.612510e+01   1.244585e-01   2.808698e-01   2.719169e-03   3.310392e-02 
    CSRD0031   2.631142e+01   1.318417e-01   2.999661e-01   2.719169e-03   3.325021e-02 
        YC3E   2.637942e+01   1.345363e-01   3.069355e-01   2.719169e-03   3.330359e-02 
        YC3E   2.644742e+01   1.372309e-01   3.139049e-01   2.719169e-03   3.335698e-02 
    CSRD0032   2.660510e+01   1.434793e-01   3.300662e-01   2.719169e-03   3.348078e-02 
         S3E   2.673010e+01   1.484326e-01   3.435828e-01   2.719169e-03   3.357892e-02 
         S3E   2.685510e+01   1.533858e-01   3.585750e-01   2.719169e-03   3.367706e-02 
       D6EA2   2.685510e+01   1.533858e-01   3.585750e-01   2.719169e-03   3.367706e-02 
         M8E   2.685510e+01   1.533858e-01   3.585750e-01   2.719169e-03   3.367706e-02 
    CSRD0033   2.709480e+01   1.628842e-01   3.888023e-01   2.719169e-03   3.386525e-02 
        Q4ER   2.745190e+01   1.720704e-01   4.268132e-01   2.719169e-03   3.399515e-02 
        Q4ER   2.780900e+01   1.710638e-01   4.496835e-01   2.719169e-03   3.400888e-02 
    CSRD0034   2.803840e+01   1.671235e-01   4.591909e-01   2.719169e-03   3.404272e-02 
        Q4ER   2.839550e+01   1.561004e-01   4.651089e-01   2.719169e-03   3.422379e-02 
        Q4ER   2.875260e+01   1.358306e-01   4.526764e-01   2.719169e-03   3.480798e-02 
    CSRD0035   2.898200e+01   1.200691e-01   4.386654e-01   2.719169e-03   3.534946e-02 
        Q4ER   2.933910e+01   9.222002e-02   4.073748e-01   2.719169e-03   3.644010e-02 
        Q4ER   2.969620e+01   5.890822e-02   3.573885e-01   2.719169e-03   3.799623e-02 
    CSRD0036   2.993590e+01   3.514173e-02   3.177380e-01   2.719169e-03   3.917447e-02 
         S3E   3.006090e+01   2.274786e-02   2.970934e-01   2.719169e-03   3.978890e-02 
         S3E   3.018590e+01   1.035399e-02   2.764851e-01   2.719169e-03   4.040333e-02 
    CSRD0037   3.166135e+01  -1.359383e-01   3.331921e-02   2.719169e-03   4.765584e-02 
        XC3E   3.179135e+01  -1.488279e-01   1.189418e-02   2.719169e-03   4.829485e-02 
        XC3E   3.192135e+01  -1.617175e-01  -9.530853e-03   2.719169e-03   4.893386e-02 
    CSRD0038   3.214255e+01  -1.836497e-01  -4.598637e-02   2.719169e-03   5.002116e-02 
         S2E   3.252355e+01  -2.214262e-01  -7.512648e-02   2.719169e-03   5.189395e-02 
         S2E   3.290455e+01  -2.592027e-01  -1.834144e-02   2.719169e-03   5.376674e-02 
    CSRD0039   3.314225e+01  -2.827709e-01   5.021605e-02   2.719169e-03   5.493514e-02 
        Q3ER   3.349935e+01  -3.087898e-01   1.411757e-01   2.719169e-03   5.592549e-02 
        Q3ER   3.385645e+01  -3.151283e-01   2.035625e-01   2.719169e-03   5.602896e-02 
    CSRD0040   3.408585e+01  -3.127234e-01   2.333474e-01   2.719169e-03   5.604157e-02 
        Q3ER   3.444295e+01  -2.990542e-01   2.619105e-01   2.719169e-03   5.634859e-02 
        Q3ER   3.480005e+01  -2.663250e-01   2.548229e-01   2.719169e-03   5.788723e-02 
    CSRD0041   3.498595e+01  -2.446384e-01   2.421466e-01   2.719169e-03   5.915223e-02 
         M9E   3.498595e+01  -2.446384e-01   2.421466e-01   2.719169e-03   5.915223e-02 
    CSRD0042   3.519850e+01  -2.198415e-01   2.276524e-01   2.719169e-03   6.059864e-02 
         S1E   3.532350e+01  -2.052589e-01   2.174183e-01   2.719169e-03   6.144924e-02 
         S1E   3.544850e+01  -1.906763e-01   2.040641e-01   2.719169e-03   6.229985e-02 
    CSRD0043   3.555130e+01  -1.786836e-01   1.919180e-01   2.719169e-03   6.299939e-02 
    CSRD0044   3.565130e+01  -1.670175e-01   1.801026e-01   2.719169e-03   6.367988e-02 
        Q2ER   3.615130e+01  -1.175287e-01   1.395697e-01   2.719169e-03   6.615224e-02 
        Q2ER   3.665130e+01  -8.211558e-02   1.299666e-01   2.719169e-03   6.741776e-02 
    CSRD0045   3.684490e+01  -7.053776e-02   1.313878e-01   2.719169e-03   6.776395e-02 
      MSEP2E   3.684490e+01  -7.053776e-02   1.313878e-01   2.719169e-03   6.776395e-02 
         B2E   3.866980e+01   8.642059e-03   1.748137e-01   3.570931e-03   6.470323e-02 
       CB2RE   3.866980e+01   8.642059e-03   1.748137e-01   3.570931e-03   6.470323e-02 
    CSRD0046   3.893275e+01   1.573906e-02   1.853813e-01   3.570931e-03   6.479900e-02 
        XC4E   3.906275e+01   1.924776e-02   1.906059e-01   3.570931e-03   6.484635e-02 
        XC4E   3.919275e+01   2.275645e-02   1.958304e-01   3.570931e-03   6.489370e-02 
    CSRD0047   3.930675e+01   2.583330e-02   2.004120e-01   3.570931e-03   6.493523e-02 
        YC4E   3.943675e+01   2.934199e-02   2.056365e-01   3.570931e-03   6.498258e-02 
        YC4E   3.956675e+01   3.285069e-02   2.108611e-01   3.570931e-03   6.502993e-02 
    CSRD0048   4.075191e+01   6.483808e-02   2.584913e-01   3.570931e-03   6.546159e-02 
    CSRD0049   4.075191e+01   6.483811e-02   2.584913e-01   3.570931e-03   6.546159e-02 
       WIG1E   4.099591e+01   7.142347e-02   2.682968e-01   3.571185e-03   6.555046e-02 
    CSRD0050   4.112244e+01   7.483817e-02   2.733811e-01   3.571185e-03   6.559694e-02 
       WIG2E   4.161044e+01   8.800758e-02   2.929885e-01   3.567062e-03   6.577927e-02 
    CSRD0051   4.173696e+01   9.142178e-02   2.980715e-01   3.567062e-03   6.582573e-02 
       WIG1E   4.198096e+01   9.800570e-02   3.078733e-01   3.567316e-03   6.591455e-02 
    CSRD0052   4.198097e+01   9.800572e-02   3.078734e-01   3.567316e-03   6.591456e-02 
    CSRD0053   4.216624e+01   1.030049e-01   3.153158e-01   3.567316e-03   6.598200e-02 
    P202432T   4.216624e+01   1.030049e-01   3.153158e-01   3.567316e-03   6.598200e-02 
    CSRD0054   4.246116e+01   1.109623e-01   3.271621e-01   3.567316e-03   6.608935e-02 
        Q1ER   4.275926e+01   1.155241e-01   3.324555e-01   3.567316e-03   6.613114e-02 
        Q1ER   4.305736e+01   1.130081e-01   3.244217e-01   3.567316e-03   6.614877e-02 
    CSRD0055   4.323604e+01   1.093879e-01   3.156608e-01   3.567316e-03   6.618544e-02 
        M11E   4.323604e+01   1.093879e-01   3.156608e-01   3.567316e-03   6.618544e-02 
    CSRD0056   4.415226e+01   9.082477e-02   2.707383e-01   3.567316e-03   6.637349e-02 
    T202452T   4.415226e+01   9.082477e-02   2.707383e-01   3.567316e-03   6.637349e-02 
    CSRD0057   4.802071e+01   1.244749e-02   8.106634e-02   3.567316e-03   6.716748e-02 
        B1RE   4.908380e+01   2.920391e-03   1.695378e-02   3.695690e-03   6.838511e-02 
