Printout for SDDS file facet_noFF.mat

 ElementName        s             R16            T166           R56            T566     
                    m             m/1             m             m/1             m       
----------------------------------------------------------------------------------------
       _BEG_   0.000000e+00   0.000000e+00   0.000000e+00   0.000000e+00   0.000000e+00 
           C   0.000000e+00   0.000000e+00   0.000000e+00   0.000000e+00   0.000000e+00 
        B1LE   1.063090e+00   1.200675e-02  -1.200521e-02   9.040973e-05  -4.680550e-17 
       CB1LE   1.063090e+00   1.200675e-02  -1.200521e-02   9.040973e-05  -4.680550e-17 
    CSRD0001   4.929030e+00   9.935067e-02  -9.937142e-02   9.040973e-05   9.866891e-04 
    T202040T   4.929030e+00   9.935067e-02  -9.937142e-02   9.040973e-05   9.866891e-04 
    CSRD0002   5.533970e+00   1.130182e-01  -1.130424e-01   9.040973e-05   1.141086e-03 
    P202042T   5.533970e+00   1.130182e-01  -1.130424e-01   9.040973e-05   1.141086e-03 
    CSRD0003   5.873162e+00   1.206816e-01  -1.207078e-01   9.040973e-05   1.227656e-03 
         M1E   5.873162e+00   1.206816e-01  -1.207078e-01   9.040973e-05   1.227656e-03 
    CSRD0004   6.026445e+00   1.241448e-01  -1.241719e-01   9.040973e-05   1.266778e-03 
         Q1E   6.324545e+00   1.268020e-01  -1.227740e-01   9.040973e-05   1.288004e-03 
         Q1E   6.622645e+00   1.212772e-01  -1.053163e-01   9.040973e-05   1.348370e-03 
    CSRD0005   7.761545e+00   8.482818e-02  -9.343936e-03   9.040973e-05   1.931623e-03 
    CN202069   7.761545e+00   8.482818e-02  -9.343936e-03   9.040973e-05   1.931623e-03 
    CSRD0006   8.011545e+00   7.682725e-02   1.172297e-02   9.040973e-05   2.059652e-03 
    CH202072   8.011545e+00   7.682725e-02   1.172297e-02   9.040973e-05   2.059652e-03 
    CSRD0007   8.972445e+00   4.607488e-02   9.269574e-02   9.040973e-05   2.551748e-03 
    CV202082   8.972445e+00   4.607488e-02   9.269574e-02   9.040973e-05   2.551748e-03 
    CSRD0008   9.322445e+00   3.487357e-02   1.221894e-01   9.040973e-05   2.730989e-03 
    CH202085   9.322445e+00   3.487357e-02   1.221894e-01   9.040973e-05   2.730989e-03 
    CSRD0009   9.512445e+00   2.879287e-02   1.382003e-01   9.040973e-05   2.828292e-03 
        YC1E   9.642445e+00   2.463238e-02   1.491551e-01   9.040973e-05   2.894867e-03 
        YC1E   9.772445e+00   2.047190e-02   1.601098e-01   9.040973e-05   2.961443e-03 
    CSRD0010   9.886445e+00   1.682347e-02   1.697164e-01   9.040973e-05   3.019824e-03 
        XC1E   1.001645e+01   1.266299e-02   1.806712e-01   9.040973e-05   3.086400e-03 
        XC1E   1.014645e+01   8.502506e-03   1.916259e-01   9.040973e-05   3.152975e-03 
    CSRD0011   1.041400e+01  -6.009004e-05   2.141717e-01   9.040973e-05   3.289993e-03 
         B2E   1.223890e+01  -8.838791e-02   3.978040e-01   1.377800e-03  -4.367697e-03 
       CB2LE   1.223890e+01  -8.838791e-02   3.978040e-01   1.377800e-03  -4.367697e-03 
      MSEP1E   1.223890e+01  -8.838791e-02   3.978040e-01   1.377800e-03  -4.367697e-03 
    CSRD0012   1.243250e+01  -1.009364e-01   4.204790e-01   1.377800e-03  -3.961022e-03 
         Q2E   1.293250e+01  -1.400333e-01   5.121361e-01   1.377800e-03  -2.415810e-03 
         Q2E   1.343250e+01  -1.959011e-01   6.820649e-01   1.377800e-03   7.377547e-04 
    CSRD0013   1.362615e+01  -2.215725e-01   7.661035e-01   1.377800e-03   2.439279e-03 
         S1E   1.375115e+01  -2.381427e-01   8.184138e-01   1.377800e-03   3.537569e-03 
         S1E   1.387615e+01  -2.547129e-01   8.664672e-01   1.377800e-03   4.635859e-03 
    CSRD0014   1.412656e+01  -2.879080e-01   9.580664e-01   1.377800e-03   6.836060e-03 
         M3E   1.412656e+01  -2.879080e-01   9.580664e-01   1.377800e-03   6.836060e-03 
    CSRD0015   1.428375e+01  -3.087444e-01   1.015563e+00   1.377800e-03   8.217111e-03 
         Q3E   1.464085e+01  -3.459679e-01   1.103117e+00   1.377800e-03   1.020689e-02 
         Q3E   1.499795e+01  -3.616283e-01   1.100467e+00   1.377800e-03   1.060833e-02 
    CSRD0016   1.522735e+01  -3.644786e-01   1.069237e+00   1.377800e-03   1.062604e-02 
         Q3E   1.558445e+01  -3.575110e-01   9.764618e-01   1.377800e-03   1.075446e-02 
         Q3E   1.594155e+01  -3.282609e-01   8.006606e-01   1.377800e-03   1.200694e-02 
    CSRD0017   1.618242e+01  -3.013503e-01   6.566038e-01   1.377800e-03   1.351017e-02 
         S2E   1.656342e+01  -2.587850e-01   4.829460e-01   1.377800e-03   1.588786e-02 
         S2E   1.694442e+01  -2.162197e-01   3.976145e-01   1.377800e-03   1.826556e-02 
    CSRD0018   1.716331e+01  -1.917658e-01   3.686517e-01   1.377800e-03   1.963156e-02 
        XC2E   1.729331e+01  -1.772422e-01   3.514502e-01   1.377800e-03   2.044284e-02 
        XC2E   1.742331e+01  -1.627186e-01   3.342487e-01   1.377800e-03   2.125413e-02 
    CSRD0019   1.889790e+01   2.022447e-03   1.391321e-01   1.377800e-03   3.045656e-02 
         S3E   1.902290e+01   1.598744e-02   1.225945e-01   1.377800e-03   3.123665e-02 
         S3E   1.914790e+01   2.995244e-02   1.060806e-01   1.377800e-03   3.201673e-02 
    CSRD0020   1.938760e+01   5.673171e-02   7.446501e-02   1.377800e-03   3.351262e-02 
         Q4E   1.974470e+01   9.446662e-02   2.770368e-02   1.377800e-03   3.550896e-02 
         Q4E   2.010180e+01   1.263756e-01  -1.497038e-02   1.377800e-03   3.694013e-02 
    CSRD0021   2.033120e+01   1.445577e-01  -4.004205e-02   1.377800e-03   3.766068e-02 
         Q4E   2.068830e+01   1.681122e-01  -7.270848e-02   1.377800e-03   3.844862e-02 
         Q4E   2.104539e+01   1.812989e-01  -9.057666e-02   1.377800e-03   3.870595e-02 
    CSRD0022   2.127479e+01   1.862295e-01  -9.680290e-02   1.377800e-03   3.875893e-02 
         Q4E   2.163189e+01   1.880831e-01  -9.761859e-02   1.377800e-03   3.877965e-02 
         Q4E   2.198899e+01   1.783373e-01  -8.087451e-02   1.377800e-03   3.892788e-02 
    CSRD0023   2.222869e+01   1.679977e-01  -6.400917e-02   1.377800e-03   3.915088e-02 
         M4E   2.222869e+01   1.679977e-01  -6.400917e-02   1.377800e-03   3.915088e-02 
       D6EA1   2.222869e+01   1.679977e-01  -6.400917e-02   1.377800e-03   3.915088e-02 
         S3E   2.235369e+01   1.626058e-01  -5.407572e-02   1.377800e-03   3.926717e-02 
         S3E   2.247869e+01   1.572139e-01  -4.196259e-02   1.377800e-03   3.938346e-02 
    CSRD0024   2.266627e+01   1.491226e-01  -2.222158e-02   1.377800e-03   3.955797e-02 
        YC2E   2.273427e+01   1.461894e-01  -1.506515e-02   1.377800e-03   3.962123e-02 
        YC2E   2.280227e+01   1.432562e-01  -7.908721e-03   1.377800e-03   3.968450e-02 
    CSRD0025   2.295870e+01   1.365086e-01   8.554011e-03   1.377800e-03   3.983003e-02 
         Q5E   2.317290e+01   1.282198e-01   3.025925e-02   1.377800e-03   3.999109e-02 
         Q5E   2.338710e+01   1.217585e-01   5.056615e-02   1.377800e-03   4.008915e-02 
        DM5Q   2.338710e+01   1.217585e-01   5.056615e-02   1.377800e-03   4.008915e-02 
         M5E   2.338710e+01   1.217585e-01   5.056615e-02   1.377800e-03   4.008915e-02 
    CSRD0026   2.361640e+01   1.157848e-01   7.169601e-02   1.377800e-03   4.016697e-02 
         B3E   2.414510e+01   1.047130e-01   1.176883e-01   2.500012e-03   4.125759e-02 
       CB3LE   2.414510e+01   1.047130e-01   1.176883e-01   2.500012e-03   4.125759e-02 
    CSRD0027   2.435026e+01   1.014650e-01   1.344959e-01   2.500012e-03   4.128330e-02 
         M6E   2.435026e+01   1.014650e-01   1.344959e-01   2.500012e-03   4.128330e-02 
    CSRD0028   2.438690e+01   1.008849e-01   1.374979e-01   2.500012e-03   4.128789e-02 
         Q6E   2.454190e+01   9.966047e-02   1.507058e-01   2.500012e-03   4.129434e-02 
         MCE   2.454190e+01   9.966047e-02   1.507058e-01   2.500012e-03   4.129434e-02 
         Q6E   2.469690e+01   1.008849e-01   1.651631e-01   2.500012e-03   4.130080e-02 
    CSRD0029   2.493870e+01   1.047130e-01   1.888629e-01   2.500012e-03   4.133110e-02 
         B3E   2.546740e+01   1.157847e-01   2.380039e-01   3.622223e-03   4.363533e-02 
       CB3RE   2.546740e+01   1.157847e-01   2.380039e-01   3.622223e-03   4.363533e-02 
    CSRD0030   2.569670e+01   1.217585e-01   2.581346e-01   3.622223e-03   4.371314e-02 
         M7E   2.569670e+01   1.217585e-01   2.581346e-01   3.622223e-03   4.371314e-02 
        DM7Q   2.569670e+01   1.217585e-01   2.581346e-01   3.622223e-03   4.371314e-02 
        Q5ER   2.591090e+01   1.282198e-01   2.779418e-01   3.622223e-03   4.381121e-02 
        Q5ER   2.612510e+01   1.365086e-01   2.998807e-01   3.622223e-03   4.397227e-02 
    CSRD0031   2.631142e+01   1.445456e-01   3.199474e-01   3.622223e-03   4.414561e-02 
        YC3E   2.637942e+01   1.474788e-01   3.272710e-01   3.622223e-03   4.420887e-02 
        YC3E   2.644742e+01   1.504120e-01   3.345945e-01   3.622223e-03   4.427214e-02 
    CSRD0032   2.660510e+01   1.572138e-01   3.515771e-01   3.622223e-03   4.441883e-02 
         S3E   2.673010e+01   1.626058e-01   3.660816e-01   3.622223e-03   4.453513e-02 
         S3E   2.685510e+01   1.679977e-01   3.827658e-01   3.622223e-03   4.465142e-02 
       D6EA2   2.685510e+01   1.679977e-01   3.827658e-01   3.622223e-03   4.465142e-02 
         M8E   2.685510e+01   1.679977e-01   3.827658e-01   3.622223e-03   4.465142e-02 
    CSRD0033   2.709480e+01   1.783372e-01   4.169424e-01   3.622223e-03   4.487442e-02 
        Q4ER   2.745190e+01   1.880831e-01   4.601056e-01   3.622223e-03   4.502265e-02 
        Q4ER   2.780900e+01   1.862294e-01   4.864328e-01   3.622223e-03   4.504336e-02 
    CSRD0034   2.803840e+01   1.812989e-01   4.975446e-01   3.622223e-03   4.509635e-02 
        Q4ER   2.839550e+01   1.681122e-01   5.048043e-01   3.622223e-03   4.535368e-02 
        Q4ER   2.875260e+01   1.445577e-01   4.912461e-01   3.622223e-03   4.614161e-02 
    CSRD0035   2.898200e+01   1.263756e-01   4.756803e-01   3.622223e-03   4.686217e-02 
        Q4ER   2.933910e+01   9.446659e-02   4.406172e-01   3.622223e-03   4.829334e-02 
        Q4ER   2.969620e+01   5.673169e-02   3.841763e-01   3.622223e-03   5.028967e-02 
    CSRD0036   2.993590e+01   2.995242e-02   3.393202e-01   3.622223e-03   5.178556e-02 
         S3E   3.006090e+01   1.598743e-02   3.159552e-01   3.622223e-03   5.256565e-02 
         S3E   3.018590e+01   2.022435e-03   2.926139e-01   3.622223e-03   5.334573e-02 
    CSRD0037   3.166135e+01  -1.628147e-01   1.713021e-02   3.622223e-03   6.255353e-02 
        XC3E   3.179135e+01  -1.773383e-01  -7.142301e-03   3.622223e-03   6.336482e-02 
        XC3E   3.192135e+01  -1.918619e-01  -3.141482e-02   3.622223e-03   6.417610e-02 
    CSRD0038   3.214255e+01  -2.165744e-01  -7.271544e-02   3.622223e-03   6.555654e-02 
         S2E   3.252355e+01  -2.591397e-01  -1.088274e-01   3.622223e-03   6.793424e-02 
         S2E   3.290455e+01  -3.017050e-01  -5.637178e-02   3.622223e-03   7.031193e-02 
    CSRD0039   3.314225e+01  -3.282608e-01   1.025347e-02   3.622223e-03   7.179534e-02 
        Q3ER   3.349935e+01  -3.575110e-01   9.839380e-02   3.622223e-03   7.304782e-02 
        Q3ER   3.385645e+01  -3.644785e-01   1.582354e-01   3.622223e-03   7.317624e-02 
    CSRD0040   3.408585e+01  -3.616282e-01   1.865161e-01   3.622223e-03   7.319395e-02 
        Q3ER   3.444295e+01  -3.459678e-01   2.131044e-01   3.622223e-03   7.359540e-02 
        Q3ER   3.480005e+01  -3.087443e-01   2.049601e-01   3.622223e-03   7.558517e-02 
    CSRD0041   3.498595e+01  -2.841017e-01   1.920225e-01   3.622223e-03   7.721850e-02 
         M9E   3.498595e+01  -2.841017e-01   1.920225e-01   3.622223e-03   7.721850e-02 
    CSRD0042   3.519850e+01  -2.559250e-01   1.772295e-01   3.622223e-03   7.908608e-02 
         S1E   3.532350e+01  -2.393548e-01   1.661782e-01   3.622223e-03   8.018437e-02 
         S1E   3.544850e+01  -2.227846e-01   1.508266e-01   3.622223e-03   8.128266e-02 
    CSRD0043   3.555130e+01  -2.091572e-01   1.365934e-01   3.622223e-03   8.218589e-02 
    CSRD0044   3.565130e+01  -1.959010e-01   1.227479e-01   3.622223e-03   8.306453e-02 
        Q2ER   3.615130e+01  -1.400333e-01   7.001557e-02   3.622223e-03   8.621809e-02 
        Q2ER   3.665130e+01  -1.009364e-01   4.260485e-02   3.622223e-03   8.776330e-02 
    CSRD0045   3.684490e+01  -8.838789e-02   3.573033e-02   3.622223e-03   8.816998e-02 
      MSEP2E   3.684490e+01  -8.838789e-02   3.573033e-02   3.622223e-03   8.816998e-02 
         B2E   3.866980e+01  -6.007313e-05   1.009591e-03   4.909613e-03   8.994985e-02 
       CB2RE   3.866980e+01  -6.007313e-05   1.009591e-03   4.909613e-03   8.994985e-02 
    CSRD0046   3.893275e+01   8.355304e-03   3.119357e-04   4.909613e-03   9.008451e-02 
        XC4E   3.906275e+01   1.251579e-02  -3.297850e-05   4.909613e-03   9.015108e-02 
        XC4E   3.919275e+01   1.667627e-02  -3.778927e-04   4.909613e-03   9.021766e-02 
    CSRD0047   3.930675e+01   2.032469e-02  -6.803559e-04   4.909613e-03   9.027604e-02 
        YC4E   3.943675e+01   2.448518e-02  -1.025270e-03   4.909613e-03   9.034262e-02 
        YC4E   3.956675e+01   2.864566e-02  -1.370184e-03   4.909613e-03   9.040919e-02 
    CSRD0048   4.075191e+01   6.657518e-02  -4.514634e-03   4.909613e-03   9.101613e-02 
    CSRD0049   4.075191e+01   6.657522e-02  -4.514637e-03   4.909613e-03   9.101614e-02 
       WIG1E   4.099591e+01   7.438393e-02  -5.161819e-03   4.909867e-03   9.114109e-02 
    CSRD0050   4.112244e+01   7.843299e-02  -5.497309e-03   4.909867e-03   9.120627e-02 
       WIG2E   4.161044e+01   9.404906e-02  -6.790441e-03   4.905744e-03   9.146076e-02 
    CSRD0051   4.173696e+01   9.809758e-02  -7.125380e-03   4.905744e-03   9.152593e-02 
       WIG1E   4.198096e+01   1.059048e-01  -7.771017e-03   4.905998e-03   9.165083e-02 
    CSRD0052   4.198097e+01   1.059048e-01  -7.771020e-03   4.905998e-03   9.165083e-02 
    CSRD0053   4.216624e+01   1.118329e-01  -8.261055e-03   4.905998e-03   9.174567e-02 
    P202432T   4.216624e+01   1.118329e-01  -8.261055e-03   4.905998e-03   9.174567e-02 
    CSRD0054   4.246116e+01   1.212687e-01  -9.041057e-03   4.905998e-03   9.189662e-02 
        Q1ER   4.275926e+01   1.267913e-01  -5.535560e-03   4.905998e-03   9.195694e-02 
        Q1ER   4.305736e+01   1.241326e-01   6.464104e-03   4.905998e-03   9.197818e-02 
    CSRD0055   4.323604e+01   1.200949e-01   1.606618e-02   4.905998e-03   9.202380e-02 
        M11E   4.323604e+01   1.200949e-01   1.606618e-02   4.905998e-03   9.202380e-02 
    CSRD0056   4.415226e+01   9.939128e-02   6.530187e-02   4.905998e-03   9.225772e-02 
    T202452T   4.415226e+01   9.939128e-02   6.530187e-02   4.905998e-03   9.225772e-02 
    CSRD0057   4.802071e+01   1.197629e-02   2.731850e-01   4.905998e-03   9.324537e-02 
        B1RE   4.908380e+01  -3.438330e-05   3.183639e-01   4.995676e-03   1.000627e-01 
