Printout for SDDS file facet_noFF.mat

 ElementName        s             R16            T166           R56            T566     
                    m             m/1             m             m/1             m       
----------------------------------------------------------------------------------------
       _BEG_   0.000000e+00   0.000000e+00   0.000000e+00   0.000000e+00   0.000000e+00 
           C   0.000000e+00   0.000000e+00   0.000000e+00   0.000000e+00   0.000000e+00 
        B1LE   1.063090e+00   1.200675e-02  -1.200521e-02   9.040973e-05  -4.680550e-17 
       CB1LE   1.063090e+00   1.200675e-02  -1.200521e-02   9.040973e-05  -4.680550e-17 
    CSRD0001   4.929030e+00   9.935067e-02  -9.937142e-02   9.040973e-05   9.866891e-04 
    T202040T   4.929030e+00   9.935067e-02  -9.937142e-02   9.040973e-05   9.866891e-04 
    CSRD0002   5.533970e+00   1.130182e-01  -1.130424e-01   9.040973e-05   1.141086e-03 
    P202042T   5.533970e+00   1.130182e-01  -1.130424e-01   9.040973e-05   1.141086e-03 
    CSRD0003   5.873162e+00   1.206816e-01  -1.207078e-01   9.040973e-05   1.227656e-03 
         M1E   5.873162e+00   1.206816e-01  -1.207078e-01   9.040973e-05   1.227656e-03 
    CSRD0004   6.026445e+00   1.241448e-01  -1.241719e-01   9.040973e-05   1.266778e-03 
         Q1E   6.324545e+00   1.274114e-01  -1.239868e-01   9.040973e-05   1.291473e-03 
         Q1E   6.622645e+00   1.236852e-01  -1.100363e-01   9.040973e-05   1.321533e-03 
    CSRD0005   7.761545e+00   9.623018e-02  -3.132159e-02   9.040973e-05   1.652456e-03 
    CN202069   7.761545e+00   9.623018e-02  -3.132159e-02   9.040973e-05   1.652456e-03 
    CSRD0006   8.011545e+00   9.020354e-02  -1.404293e-02   9.040973e-05   1.725097e-03 
    CH202072   8.011545e+00   9.020354e-02  -1.404293e-02   9.040973e-05   1.725097e-03 
    CSRD0007   8.972445e+00   6.703953e-02   5.236934e-02   9.040973e-05   2.004299e-03 
    CV202082   8.972445e+00   6.703953e-02   5.236934e-02   9.040973e-05   2.004299e-03 
    CSRD0008   9.322445e+00   5.860223e-02   7.655947e-02   9.040973e-05   2.105997e-03 
    CH202085   9.322445e+00   5.860223e-02   7.655947e-02   9.040973e-05   2.105997e-03 
    CSRD0009   9.512445e+00   5.402198e-02   8.969125e-02   9.040973e-05   2.161204e-03 
        YC1E   9.642445e+00   5.088812e-02   9.867616e-02   9.040973e-05   2.198977e-03 
        YC1E   9.772445e+00   4.775427e-02   1.076611e-01   9.040973e-05   2.236750e-03 
    CSRD0010   9.886445e+00   4.500612e-02   1.155401e-01   9.040973e-05   2.269874e-03 
        XC1E   1.001645e+01   4.187226e-02   1.245250e-01   9.040973e-05   2.307648e-03 
        XC1E   1.014645e+01   3.873841e-02   1.335099e-01   9.040973e-05   2.345421e-03 
    CSRD0011   1.041400e+01   3.228869e-02   1.520016e-01   9.040973e-05   2.423161e-03 
         B2E   1.223890e+01  -4.163022e-02   3.080435e-01   7.994591e-05  -3.382011e-03 
       CB2LE   1.223890e+01  -4.163022e-02   3.080435e-01   7.994591e-05  -3.382011e-03 
      MSEP1E   1.223890e+01  -4.163022e-02   3.080435e-01   7.994591e-05  -3.382011e-03 
    CSRD0012   1.243250e+01  -5.264982e-02   3.277827e-01   7.994591e-05  -3.068396e-03 
         Q2E   1.293250e+01  -8.482813e-02   4.031570e-01   7.994591e-05  -2.027524e-03 
         Q2E   1.343250e+01  -1.271658e-01   5.370744e-01   7.994591e-05  -2.221517e-04 
    CSRD0013   1.362615e+01  -1.461359e-01   6.026930e-01   7.994591e-05   7.069792e-04 
         S1E   1.375115e+01  -1.583806e-01   6.442016e-01   7.994591e-05   1.306709e-03 
         S1E   1.387615e+01  -1.706252e-01   6.838270e-01   7.994591e-05   1.906440e-03 
    CSRD0014   1.412656e+01  -1.951550e-01   7.611241e-01   7.994591e-05   3.107877e-03 
         M3E   1.412656e+01  -1.951550e-01   7.611241e-01   7.994591e-05   3.107877e-03 
    CSRD0015   1.428375e+01  -2.105522e-01   8.096430e-01   7.994591e-05   3.862011e-03 
         Q3E   1.464085e+01  -2.380095e-01   8.837362e-01   7.994591e-05   4.945201e-03 
         Q3E   1.499795e+01  -2.493526e-01   8.819739e-01   7.994591e-05   5.157920e-03 
    CSRD0016   1.522735e+01  -2.512382e-01   8.559976e-01   7.994591e-05   5.165669e-03 
         Q3E   1.558445e+01  -2.456351e-01   7.785513e-01   7.994591e-05   5.243473e-03 
         Q3E   1.594155e+01  -2.234016e-01   6.318575e-01   7.994591e-05   5.965787e-03 
    CSRD0017   1.618242e+01  -2.030732e-01   5.118210e-01   7.994591e-05   6.823583e-03 
         S2E   1.656342e+01  -1.709191e-01   3.717145e-01   7.994591e-05   8.180386e-03 
         S2E   1.694442e+01  -1.387650e-01   3.105225e-01   7.994591e-05   9.537190e-03 
    CSRD0018   1.716331e+01  -1.202924e-01   2.926491e-01   7.994591e-05   1.031668e-02 
        XC2E   1.729331e+01  -1.093212e-01   2.820337e-01   7.994591e-05   1.077963e-02 
        XC2E   1.742331e+01  -9.834998e-02   2.714184e-01   7.994591e-05   1.124258e-02 
    CSRD0019   1.889790e+01   2.609632e-02   1.510087e-01   7.994591e-05   1.649384e-02 
         S3E   1.902290e+01   3.664555e-02   1.408375e-01   7.994591e-05   1.693898e-02 
         S3E   1.914790e+01   4.719479e-02   1.307770e-01   7.994591e-05   1.738413e-02 
    CSRD0020   1.938760e+01   6.742401e-02   1.116339e-01   7.994591e-05   1.823774e-02 
         Q4E   1.974470e+01   9.546149e-02   8.243887e-02   7.994591e-05   1.934073e-02 
         Q4E   2.010180e+01   1.183258e-01   5.392601e-02   7.994591e-05   2.007671e-02 
    CSRD0021   2.033120e+01   1.310695e-01   3.644789e-02   7.994591e-05   2.043068e-02 
         Q4E   2.068830e+01   1.471764e-01   1.221312e-02   7.994591e-05   2.080069e-02 
         Q4E   2.104539e+01   1.553076e-01  -4.744085e-03   7.994591e-05   2.090126e-02 
    CSRD0022   2.127479e+01   1.578508e-01  -1.296105e-02   7.994591e-05   2.091536e-02 
         Q4E   2.163189e+01   1.574968e-01  -2.099187e-02   7.994591e-05   2.092423e-02 
         Q4E   2.198899e+01   1.486080e-01  -1.938897e-02   7.994591e-05   2.104305e-02 
    CSRD0023   2.222869e+01   1.398594e-01  -1.515258e-02   7.994591e-05   2.120270e-02 
         M4E   2.222869e+01   1.398594e-01  -1.515258e-02   7.994591e-05   2.120270e-02 
       D6EA1   2.222869e+01   1.398594e-01  -1.515258e-02   7.994591e-05   2.120270e-02 
         S3E   2.235369e+01   1.352972e-01  -1.216586e-02   7.994591e-05   2.128595e-02 
         S3E   2.247869e+01   1.307350e-01  -7.691539e-03   7.994591e-05   2.136921e-02 
    CSRD0024   2.266627e+01   1.238888e-01   8.913431e-05   7.994591e-05   2.149415e-02 
        YC2E   2.273427e+01   1.214069e-01   2.909752e-03   7.994591e-05   2.153944e-02 
        YC2E   2.280227e+01   1.189250e-01   5.730369e-03   7.994591e-05   2.158473e-02 
    CSRD0025   2.295870e+01   1.132157e-01   1.221895e-02   7.994591e-05   2.168892e-02 
         Q5E   2.317290e+01   1.061460e-01   2.045765e-02   7.994591e-05   2.180601e-02 
         Q5E   2.338710e+01   1.005119e-01   2.753573e-02   7.994591e-05   2.188049e-02 
        DM5Q   2.338710e+01   1.005119e-01   2.753573e-02   7.994591e-05   2.188049e-02 
         M5E   2.338710e+01   1.005119e-01   2.753573e-02   7.994591e-05   2.188049e-02 
    CSRD0026   2.361640e+01   9.522021e-02   3.455588e-02   7.994591e-05   2.194155e-02 
         B3E   2.414510e+01   8.572116e-02   4.802294e-02   1.000012e-03   2.245576e-02 
       CB3LE   2.414510e+01   8.572116e-02   4.802294e-02   1.000012e-03   2.245576e-02 
    CSRD0027   2.435026e+01   8.308352e-02   5.220670e-02   1.000012e-03   2.247272e-02 
         M6E   2.435026e+01   8.308352e-02   5.220670e-02   1.000012e-03   2.247272e-02 
    CSRD0028   2.438690e+01   8.261241e-02   5.295397e-02   1.000012e-03   2.247575e-02 
         Q6E   2.454190e+01   8.161802e-02   5.577245e-02   1.000012e-03   2.248001e-02 
         MCE   2.454190e+01   8.161802e-02   5.577245e-02   1.000012e-03   2.248001e-02 
         Q6E   2.469690e+01   8.261240e-02   5.795713e-02   1.000012e-03   2.248426e-02 
    CSRD0029   2.493870e+01   8.572115e-02   6.089413e-02   1.000012e-03   2.250425e-02 
         B3E   2.546740e+01   9.522020e-02   6.463049e-02   1.920078e-03   2.323793e-02 
       CB3RE   2.546740e+01   9.522020e-02   6.463049e-02   1.920078e-03   2.323793e-02 
    CSRD0030   2.569670e+01   1.005119e-01   6.507168e-02   1.920078e-03   2.329899e-02 
         M7E   2.569670e+01   1.005119e-01   6.507168e-02   1.920078e-03   2.329899e-02 
        DM7Q   2.569670e+01   1.005119e-01   6.507168e-02   1.920078e-03   2.329899e-02 
        Q5ER   2.591090e+01   1.061459e-01   6.523316e-02   1.920078e-03   2.337346e-02 
        Q5ER   2.612510e+01   1.132157e-01   6.483964e-02   1.920078e-03   2.349056e-02 
    CSRD0031   2.631142e+01   1.200161e-01   6.422872e-02   1.920078e-03   2.361466e-02 
        YC3E   2.637942e+01   1.224979e-01   6.400576e-02   1.920078e-03   2.365995e-02 
        YC3E   2.644742e+01   1.249798e-01   6.378279e-02   1.920078e-03   2.370524e-02 
    CSRD0032   2.660510e+01   1.307349e-01   6.326577e-02   1.920078e-03   2.381027e-02 
         S3E   2.673010e+01   1.352972e-01   6.356655e-02   1.920078e-03   2.389352e-02 
         S3E   2.685510e+01   1.398594e-01   6.535492e-02   1.920078e-03   2.397678e-02 
       D6EA2   2.685510e+01   1.398594e-01   6.535492e-02   1.920078e-03   2.397678e-02 
         M8E   2.685510e+01   1.398594e-01   6.535492e-02   1.920078e-03   2.397678e-02 
    CSRD0033   2.709480e+01   1.486079e-01   7.027526e-02   1.920078e-03   2.413643e-02 
        Q4ER   2.745190e+01   1.574968e-01   7.976094e-02   1.920078e-03   2.425525e-02 
        Q4ER   2.780900e+01   1.578507e-01   9.342045e-02   1.920078e-03   2.426412e-02 
    CSRD0034   2.803840e+01   1.553076e-01   1.034177e-01   1.920078e-03   2.427821e-02 
        Q4ER   2.839550e+01   1.471763e-01   1.201904e-01   1.920078e-03   2.437878e-02 
        Q4ER   2.875260e+01   1.310695e-01   1.383893e-01   1.920078e-03   2.474880e-02 
    CSRD0035   2.898200e+01   1.183258e-01   1.501640e-01   1.920078e-03   2.510277e-02 
        Q4ER   2.933910e+01   9.546146e-02   1.672712e-01   1.920078e-03   2.583874e-02 
        Q4ER   2.969620e+01   6.742398e-02   1.804635e-01   1.920078e-03   2.694174e-02 
    CSRD0036   2.993590e+01   4.719477e-02   1.875035e-01   1.920078e-03   2.779535e-02 
         S3E   3.006090e+01   3.664554e-02   1.912525e-01   1.920078e-03   2.824049e-02 
         S3E   3.018590e+01   2.609630e-02   1.951121e-01   1.920078e-03   2.868564e-02 
    CSRD0037   3.166135e+01  -9.842264e-02   2.410928e-01   1.920078e-03   3.393996e-02 
        XC3E   3.179135e+01  -1.093938e-01   2.451441e-01   1.920078e-03   3.440291e-02 
        XC3E   3.192135e+01  -1.203650e-01   2.491954e-01   1.920078e-03   3.486586e-02 
    CSRD0038   3.214255e+01  -1.390330e-01   2.560888e-01   1.920078e-03   3.565359e-02 
         S2E   3.252355e+01  -1.711870e-01   2.981508e-01   1.920078e-03   3.701039e-02 
         S2E   3.290455e+01  -2.033411e-01   4.193734e-01   1.920078e-03   3.836719e-02 
    CSRD0039   3.314225e+01  -2.234015e-01   5.261327e-01   1.920078e-03   3.921368e-02 
        Q3ER   3.349935e+01  -2.456351e-01   6.590347e-01   1.920078e-03   3.993600e-02 
        Q3ER   3.385645e+01  -2.512381e-01   7.307810e-01   1.920078e-03   4.001380e-02 
    CSRD0040   3.408585e+01  -2.493526e-01   7.558080e-01   1.920078e-03   4.002155e-02 
        Q3ER   3.444295e+01  -2.380095e-01   7.603802e-01   1.920078e-03   4.023427e-02 
        Q3ER   3.480005e+01  -2.105521e-01   6.974486e-01   1.920078e-03   4.131746e-02 
    CSRD0041   3.498595e+01  -1.923423e-01   6.479432e-01   1.920078e-03   4.220935e-02 
         M9E   3.498595e+01  -1.923423e-01   6.479432e-01   1.920078e-03   4.220935e-02 
    CSRD0042   3.519850e+01  -1.715209e-01   5.913380e-01   1.920078e-03   4.322916e-02 
         S1E   3.532350e+01  -1.592762e-01   5.569978e-01   1.920078e-03   4.382889e-02 
         S1E   3.544850e+01  -1.470316e-01   5.207530e-01   1.920078e-03   4.442862e-02 
    CSRD0043   3.555130e+01  -1.369615e-01   4.902408e-01   1.920078e-03   4.492184e-02 
    CSRD0044   3.565130e+01  -1.271658e-01   4.605597e-01   1.920078e-03   4.540162e-02 
        Q2ER   3.615130e+01  -8.482811e-02   3.434932e-01   1.920078e-03   4.720699e-02 
        Q2ER   3.665130e+01  -5.264980e-02   2.778242e-01   1.920078e-03   4.824786e-02 
    CSRD0045   3.684490e+01  -4.163020e-02   2.606339e-01   1.920078e-03   4.856148e-02 
      MSEP2E   3.684490e+01  -4.163020e-02   2.606339e-01   1.920078e-03   4.856148e-02 
         B2E   3.866980e+01   3.228870e-02   1.286137e-01   1.909613e-03   4.391784e-02 
       CB2RE   3.866980e+01   3.228870e-02   1.286137e-01   1.909613e-03   4.391784e-02 
    CSRD0046   3.893275e+01   3.862753e-02   1.139019e-01   1.909613e-03   4.399424e-02 
        XC4E   3.906275e+01   4.176138e-02   1.066285e-01   1.909613e-03   4.403202e-02 
        XC4E   3.919275e+01   4.489524e-02   9.935518e-02   1.909613e-03   4.406979e-02 
    CSRD0047   3.930675e+01   4.764339e-02   9.297700e-02   1.909613e-03   4.410291e-02 
        YC4E   3.943675e+01   5.077724e-02   8.570363e-02   1.909613e-03   4.414069e-02 
        YC4E   3.956675e+01   5.391109e-02   7.843026e-02   1.909613e-03   4.417846e-02 
    CSRD0048   4.075191e+01   8.248124e-02   1.212177e-02   1.909613e-03   4.452282e-02 
    CSRD0049   4.075191e+01   8.248127e-02   1.212171e-02   1.909613e-03   4.452282e-02 
       WIG1E   4.099591e+01   8.836303e-02  -1.529650e-03   1.909868e-03   4.459372e-02 
    CSRD0050   4.112244e+01   9.141286e-02  -8.608379e-03   1.909868e-03   4.463087e-02 
       WIG2E   4.161044e+01   1.031748e-01  -3.590960e-02   1.905744e-03   4.477725e-02 
    CSRD0051   4.173696e+01   1.062240e-01  -4.298761e-02   1.905744e-03   4.481438e-02 
       WIG1E   4.198096e+01   1.121041e-01  -5.663696e-02   1.905999e-03   4.488524e-02 
    CSRD0052   4.198097e+01   1.121041e-01  -5.663702e-02   1.905999e-03   4.488524e-02 
    CSRD0053   4.216624e+01   1.165688e-01  -6.700112e-02   1.905999e-03   4.493903e-02 
    P202432T   4.216624e+01   1.165688e-01  -6.700112e-02   1.905999e-03   4.493903e-02 
    CSRD0054   4.246116e+01   1.236753e-01  -8.349794e-02   1.905999e-03   4.502465e-02 
        Q1ER   4.275926e+01   1.273990e-01  -9.428507e-02   1.905999e-03   4.505468e-02 
        Q1ER   4.305736e+01   1.241306e-01  -9.293758e-02   1.905999e-03   4.507939e-02 
    CSRD0055   4.323604e+01   1.200928e-01  -8.849114e-02   1.905999e-03   4.512502e-02 
        M11E   4.323604e+01   1.200928e-01  -8.849114e-02   1.905999e-03   4.512502e-02 
    CSRD0056   4.415226e+01   9.938807e-02  -6.569151e-02   1.905999e-03   4.535896e-02 
    T202452T   4.415226e+01   9.938807e-02  -6.569151e-02   1.905999e-03   4.535896e-02 
    CSRD0057   4.802071e+01   1.196861e-02   3.057315e-02   1.905999e-03   4.634671e-02 
        B1RE   4.908380e+01  -4.328204e-05   4.501881e-02   1.995489e-03   4.733620e-02 
