Printout for SDDS file facet_noFF.mat

 ElementName        s             R16            T166           R56            T566     
                    m             m/1             m             m/1             m       
----------------------------------------------------------------------------------------
       _BEG_   0.000000e+00   0.000000e+00   0.000000e+00   0.000000e+00   0.000000e+00 
           C   0.000000e+00   0.000000e+00   0.000000e+00   0.000000e+00   0.000000e+00 
        B1LE   1.063090e+00   1.200675e-02  -1.200521e-02   9.040973e-05  -4.680550e-17 
       CB1LE   1.063090e+00   1.200675e-02  -1.200521e-02   9.040973e-05  -4.680550e-17 
    CSRD0001   4.929030e+00   9.935067e-02  -9.937142e-02   9.040973e-05   9.866891e-04 
    T202040T   4.929030e+00   9.935067e-02  -9.937142e-02   9.040973e-05   9.866891e-04 
    CSRD0002   5.533970e+00   1.130182e-01  -1.130424e-01   9.040973e-05   1.141086e-03 
    P202042T   5.533970e+00   1.130182e-01  -1.130424e-01   9.040973e-05   1.141086e-03 
    CSRD0003   5.873162e+00   1.206816e-01  -1.207078e-01   9.040973e-05   1.227656e-03 
         M1E   5.873162e+00   1.206816e-01  -1.207078e-01   9.040973e-05   1.227656e-03 
    CSRD0004   6.026445e+00   1.241448e-01  -1.241719e-01   9.040973e-05   1.266778e-03 
         Q1E   6.324545e+00   1.270894e-01  -1.233460e-01   9.040973e-05   1.289434e-03 
         Q1E   6.622645e+00   1.224117e-01  -1.075380e-01   9.040973e-05   1.334136e-03 
    CSRD0005   7.761545e+00   9.019240e-02  -1.966621e-02   9.040973e-05   1.789874e-03 
    CN202069   7.761545e+00   9.019240e-02  -1.966621e-02   9.040973e-05   1.789874e-03 
    CSRD0006   8.011545e+00   8.311995e-02  -3.774640e-04   9.040973e-05   1.889913e-03 
    CH202072   8.011545e+00   8.311995e-02  -3.774640e-04   9.040973e-05   1.889913e-03 
    CSRD0007   8.972445e+00   5.593628e-02   7.376076e-02   9.040973e-05   2.274424e-03 
    CV202082   8.972445e+00   5.593628e-02   7.376076e-02   9.040973e-05   2.274424e-03 
    CSRD0008   9.322445e+00   4.603485e-02   1.007650e-01   9.040973e-05   2.414478e-03 
    CH202085   9.322445e+00   4.603485e-02   1.007650e-01   9.040973e-05   2.414478e-03 
    CSRD0009   9.512445e+00   4.065979e-02   1.154245e-01   9.040973e-05   2.490508e-03 
        YC1E   9.642445e+00   3.698211e-02   1.254546e-01   9.040973e-05   2.542528e-03 
        YC1E   9.772445e+00   3.330444e-02   1.354848e-01   9.040973e-05   2.594549e-03 
    CSRD0010   9.886445e+00   3.007940e-02   1.442804e-01   9.040973e-05   2.640167e-03 
        XC1E   1.001645e+01   2.640173e-02   1.543106e-01   9.040973e-05   2.692187e-03 
        XC1E   1.014645e+01   2.272405e-02   1.643407e-01   9.040973e-05   2.744207e-03 
    CSRD0011   1.041400e+01   1.515512e-02   1.849835e-01   9.040973e-05   2.851269e-03 
         B2E   1.223890e+01  -6.639639e-02   3.556675e-01   7.673710e-04  -3.951448e-03 
       CB2LE   1.223890e+01  -6.639639e-02   3.556675e-01   7.673710e-04  -3.951448e-03 
      MSEP1E   1.223890e+01  -6.639639e-02   3.556675e-01   7.673710e-04  -3.951448e-03 
    CSRD0012   1.243250e+01  -7.822586e-02   3.769645e-01   7.673710e-04  -3.590042e-03 
         Q2E   1.293250e+01  -1.140689e-01   4.609754e-01   7.673710e-04  -2.294711e-03 
         Q2E   1.343250e+01  -1.635733e-01   6.139906e-01   7.673710e-04   1.780783e-04 
    CSRD0013   1.362615e+01  -1.860930e-01   6.893774e-01   7.673710e-04   1.487449e-03 
         S1E   1.375115e+01  -2.006288e-01   7.366823e-01   7.673710e-04   2.332614e-03 
         S1E   1.387615e+01  -2.151647e-01   7.809928e-01   7.673710e-04   3.177779e-03 
    CSRD0014   1.412656e+01  -2.442843e-01   8.664658e-01   7.673710e-04   4.870895e-03 
         M3E   1.412656e+01  -2.442843e-01   8.664658e-01   7.673710e-04   4.870895e-03 
    CSRD0015   1.428375e+01  -2.625625e-01   9.201166e-01   7.673710e-04   5.933652e-03 
         Q3E   1.464085e+01  -2.951888e-01   1.002219e+00   7.673710e-04   7.462636e-03 
         Q3E   1.499795e+01  -3.088081e-01   1.000885e+00   7.673710e-04   7.767530e-03 
    CSRD0016   1.522735e+01  -3.111961e-01   9.726977e-01   7.673710e-04   7.779959e-03 
         Q3E   1.558445e+01  -3.048546e-01   8.879714e-01   7.673710e-04   7.883271e-03 
         Q3E   1.594155e+01  -2.788836e-01   7.265459e-01   7.673710e-04   8.869879e-03 
    CSRD0017   1.618242e+01  -2.550528e-01   5.941788e-01   7.673710e-04   1.004872e-02 
         S2E   1.656342e+01  -2.173588e-01   4.345782e-01   7.673710e-04   1.191334e-02 
         S2E   1.694442e+01  -1.796647e-01   3.552471e-01   7.673710e-04   1.377796e-02 
    CSRD0018   1.716331e+01  -1.580094e-01   3.276538e-01   7.673710e-04   1.484919e-02 
        XC2E   1.729331e+01  -1.451479e-01   3.112656e-01   7.673710e-04   1.548541e-02 
        XC2E   1.742331e+01  -1.322864e-01   2.948775e-01   7.673710e-04   1.612163e-02 
    CSRD0019   1.889790e+01   1.360120e-02   1.089868e-01   7.673710e-04   2.333829e-02 
         S3E   1.902290e+01   2.596801e-02   9.324058e-02   7.673710e-04   2.395004e-02 
         S3E   1.914790e+01   3.833481e-02   7.754474e-02   7.673710e-04   2.456179e-02 
    CSRD0020   1.938760e+01   6.204939e-02   4.752776e-02   7.673710e-04   2.573489e-02 
         Q4E   1.974470e+01   9.522859e-02   4.000552e-03   7.673710e-04   2.727878e-02 
         Q4E   2.010180e+01   1.228622e-01  -3.424108e-02   7.673710e-04   2.835278e-02 
    CSRD0021   2.033120e+01   1.384675e-01  -5.624530e-02   7.673710e-04   2.888357e-02 
         Q4E   2.068830e+01   1.584919e-01  -8.428011e-02   7.673710e-04   2.945392e-02 
         Q4E   2.104539e+01   1.692865e-01  -9.822219e-02   7.673710e-04   2.962793e-02 
    CSRD0022   2.127479e+01   1.730914e-01  -1.022665e-01   7.673710e-04   2.965949e-02 
         Q4E   2.163189e+01   1.739169e-01  -1.004504e-01   7.673710e-04   2.967261e-02 
         Q4E   2.198899e+01   1.646143e-01  -8.270599e-02   7.673710e-04   2.980537e-02 
    CSRD0023   2.222869e+01   1.550598e-01  -6.571929e-02   7.673710e-04   2.999579e-02 
         M4E   2.222869e+01   1.550598e-01  -6.571929e-02   7.673710e-04   2.999579e-02 
       D6EA1   2.222869e+01   1.550598e-01  -6.571929e-02   7.673710e-04   2.999579e-02 
         S3E   2.235369e+01   1.500772e-01  -5.601395e-02   7.673710e-04   3.009509e-02 
         S3E   2.247869e+01   1.450947e-01  -4.468694e-02   7.673710e-04   3.019439e-02 
    CSRD0024   2.266627e+01   1.376178e-01  -2.652600e-02   7.673710e-04   3.034341e-02 
        YC2E   2.273427e+01   1.349073e-01  -1.994237e-02   7.673710e-04   3.039743e-02 
        YC2E   2.280227e+01   1.321968e-01  -1.335874e-02   7.673710e-04   3.045145e-02 
    CSRD0025   2.295870e+01   1.259615e-01   1.786323e-03   7.673710e-04   3.057572e-02 
         Q5E   2.317290e+01   1.182778e-01   2.172971e-02   7.673710e-04   3.071409e-02 
         Q5E   2.338710e+01   1.122358e-01   4.033116e-02   7.673710e-04   3.079980e-02 
        DM5Q   2.338710e+01   1.122358e-01   4.033116e-02   7.673710e-04   3.079980e-02 
         M5E   2.338710e+01   1.122358e-01   4.033116e-02   7.673710e-04   3.079980e-02 
    CSRD0026   2.361640e+01   1.066146e-01   5.965109e-02   7.673710e-04   3.086870e-02 
         B3E   2.414510e+01   9.635574e-02   1.014738e-01   1.800012e-03   3.179851e-02 
       CB3LE   2.414510e+01   9.635574e-02   1.014738e-01   1.800012e-03   3.179851e-02 
    CSRD0027   2.435026e+01   9.342327e-02   1.166622e-01   1.800012e-03   3.181947e-02 
         M6E   2.435026e+01   9.342327e-02   1.166622e-01   1.800012e-03   3.181947e-02 
    CSRD0028   2.438690e+01   9.289950e-02   1.193750e-01   1.800012e-03   3.182321e-02 
         Q6E   2.454190e+01   9.179393e-02   1.312217e-01   1.800012e-03   3.182847e-02 
         MCE   2.454190e+01   9.179393e-02   1.312217e-01   1.800012e-03   3.182847e-02 
         Q6E   2.469690e+01   9.289950e-02   1.440138e-01   1.800012e-03   3.183373e-02 
    CSRD0029   2.493870e+01   9.635573e-02   1.648563e-01   1.800012e-03   3.185843e-02 
         B3E   2.546740e+01   1.066146e-01   2.077467e-01   2.832653e-03   3.386896e-02 
       CB3RE   2.546740e+01   1.066146e-01   2.077467e-01   2.832653e-03   3.386896e-02 
    CSRD0030   2.569670e+01   1.122357e-01   2.251679e-01   2.832653e-03   3.393786e-02 
         M7E   2.569670e+01   1.122357e-01   2.251679e-01   2.832653e-03   3.393786e-02 
        DM7Q   2.569670e+01   1.122357e-01   2.251679e-01   2.832653e-03   3.393786e-02 
        Q5ER   2.591090e+01   1.182852e-01   2.422577e-01   2.832653e-03   3.402379e-02 
        Q5ER   2.612510e+01   1.259919e-01   2.610826e-01   2.832653e-03   3.416300e-02 
    CSRD0031   2.631142e+01   1.334459e-01   2.782568e-01   2.832653e-03   3.431210e-02 
        YC3E   2.637942e+01   1.361663e-01   2.845248e-01   2.832653e-03   3.436652e-02 
        YC3E   2.644742e+01   1.388867e-01   2.907928e-01   2.832653e-03   3.442093e-02 
    CSRD0032   2.660510e+01   1.451950e-01   3.053275e-01   2.832653e-03   3.454712e-02 
         S3E   2.673010e+01   1.501958e-01   3.176258e-01   2.832653e-03   3.464715e-02 
         S3E   2.685510e+01   1.551965e-01   3.315484e-01   2.832653e-03   3.474718e-02 
       D6EA2   2.685510e+01   1.551965e-01   3.315484e-01   2.832653e-03   3.474718e-02 
         M8E   2.685510e+01   1.551965e-01   3.315484e-01   2.832653e-03   3.474718e-02 
    CSRD0033   2.709480e+01   1.647860e-01   3.598734e-01   2.832653e-03   3.493900e-02 
        Q4ER   2.745190e+01   1.740502e-01   3.959925e-01   2.832653e-03   3.507118e-02 
        Q4ER   2.780900e+01   1.730043e-01   4.189133e-01   2.832653e-03   3.508531e-02 
    CSRD0034   2.803840e+01   1.690012e-01   4.290826e-01   2.832653e-03   3.512024e-02 
        Q4ER   2.839550e+01   1.578258e-01   4.369667e-01   2.832653e-03   3.530628e-02 
        Q4ER   2.875260e+01   1.373014e-01   4.282692e-01   2.832653e-03   3.590522e-02 
    CSRD0035   2.898200e+01   1.213464e-01   4.171805e-01   2.832653e-03   3.646006e-02 
        Q4ER   2.933910e+01   9.316135e-02   3.910651e-01   2.832653e-03   3.757717e-02 
        Q4ER   2.969620e+01   5.945782e-02   3.472755e-01   2.832653e-03   3.917010e-02 
    CSRD0036   2.993590e+01   3.541473e-02   3.120429e-01   2.832653e-03   4.037592e-02 
         S3E   3.006090e+01   2.287662e-02   2.937051e-01   2.832653e-03   4.100474e-02 
         S3E   3.018590e+01   1.033850e-02   2.754067e-01   2.832653e-03   4.163355e-02 
    CSRD0037   3.166135e+01  -1.376564e-01   5.951416e-02   2.832653e-03   4.905586e-02 
        XC3E   3.179135e+01  -1.506960e-01   4.049214e-02   2.832653e-03   4.970983e-02 
        XC3E   3.192135e+01  -1.637357e-01   2.147012e-02   2.832653e-03   5.036380e-02 
    CSRD0038   3.214255e+01  -1.859231e-01  -1.089658e-02   2.832653e-03   5.147656e-02 
         S2E   3.252355e+01  -2.241393e-01  -3.321733e-02   2.832653e-03   5.339319e-02 
         S2E   3.290455e+01  -2.623555e-01   2.980330e-02   2.832653e-03   5.530983e-02 
    CSRD0039   3.314225e+01  -2.861979e-01   1.020221e-01   2.832653e-03   5.650559e-02 
        Q3ER   3.349935e+01  -3.125153e-01   1.966597e-01   2.832653e-03   5.751884e-02 
        Q3ER   3.385645e+01  -3.189148e-01   2.589521e-01   2.832653e-03   5.762455e-02 
    CSRD0040   3.408585e+01  -3.164712e-01   2.874512e-01   2.832653e-03   5.763756e-02 
        Q3ER   3.444295e+01  -3.026229e-01   3.121918e-01   2.832653e-03   5.795258e-02 
        Q3ER   3.480005e+01  -2.694873e-01   2.978509e-01   2.832653e-03   5.952964e-02 
    CSRD0041   3.498595e+01  -2.475337e-01   2.805811e-01   2.832653e-03   6.082596e-02 
         M9E   3.498595e+01  -2.475337e-01   2.805811e-01   2.832653e-03   6.082596e-02 
    CSRD0042   3.519850e+01  -2.224317e-01   2.608345e-01   2.832653e-03   6.230819e-02 
         S1E   3.532350e+01  -2.076696e-01   2.474632e-01   2.832653e-03   6.317987e-02 
         S1E   3.544850e+01  -1.929075e-01   2.308837e-01   2.832653e-03   6.405154e-02 
    CSRD0043   3.555130e+01  -1.807672e-01   2.160522e-01   2.832653e-03   6.476841e-02 
    CSRD0044   3.565130e+01  -1.689575e-01   2.016247e-01   2.832653e-03   6.546575e-02 
        Q2ER   3.615130e+01  -1.188527e-01   1.491630e-01   2.832653e-03   6.799999e-02 
        Q2ER   3.665130e+01  -8.298213e-02   1.289402e-01   2.832653e-03   6.929838e-02 
    CSRD0045   3.684490e+01  -7.125035e-02   1.263291e-01   2.832653e-03   6.965384e-02 
      MSEP2E   3.684490e+01  -7.125035e-02   1.263291e-01   2.832653e-03   6.965384e-02 
         B2E   3.866980e+01   9.380555e-03   1.317559e-01   3.683990e-03   6.744607e-02 
       CB2RE   3.866980e+01   9.380555e-03   1.317559e-01   3.683990e-03   6.744607e-02 
    CSRD0046   3.893275e+01   1.668668e-02   1.368472e-01   3.683990e-03   6.754757e-02 
        XC4E   3.906275e+01   2.029877e-02   1.393643e-01   3.683990e-03   6.759775e-02 
        XC4E   3.919275e+01   2.391085e-02   1.418815e-01   3.683990e-03   6.764793e-02 
    CSRD0047   3.930675e+01   2.707836e-02   1.440888e-01   3.683990e-03   6.769194e-02 
        YC4E   3.943675e+01   3.069045e-02   1.466059e-01   3.683990e-03   6.774212e-02 
        YC4E   3.956675e+01   3.430253e-02   1.491230e-01   3.683990e-03   6.779230e-02 
    CSRD0048   4.075191e+01   6.723249e-02   1.720706e-01   3.683990e-03   6.824978e-02 
    CSRD0049   4.075191e+01   6.723251e-02   1.720706e-01   3.683990e-03   6.824978e-02 
       WIG1E   4.099591e+01   7.401192e-02   1.767947e-01   3.684244e-03   6.834396e-02 
    CSRD0050   4.112244e+01   7.752724e-02   1.792442e-01   3.684244e-03   6.839319e-02 
       WIG2E   4.161044e+01   9.108470e-02   1.886905e-01   3.680121e-03   6.858615e-02 
    CSRD0051   4.173696e+01   9.459949e-02   1.911393e-01   3.680121e-03   6.863536e-02 
       WIG1E   4.198096e+01   1.013774e-01   1.958616e-01   3.680375e-03   6.872950e-02 
    CSRD0052   4.198097e+01   1.013774e-01   1.958616e-01   3.680375e-03   6.872950e-02 
    CSRD0053   4.216624e+01   1.065239e-01   1.994472e-01   3.680375e-03   6.880098e-02 
    P202432T   4.216624e+01   1.065239e-01   1.994472e-01   3.680375e-03   6.880098e-02 
    CSRD0054   4.246116e+01   1.147157e-01   2.051544e-01   3.680375e-03   6.891475e-02 
        Q1ER   4.275926e+01   1.193972e-01   2.081602e-01   3.680375e-03   6.895887e-02 
        Q1ER   4.305736e+01   1.167635e-01   2.056902e-01   3.680375e-03   6.897799e-02 
    CSRD0055   4.323604e+01   1.130023e-01   2.025722e-01   3.680375e-03   6.901757e-02 
        M11E   4.323604e+01   1.130023e-01   2.025722e-01   3.680375e-03   6.901757e-02 
    CSRD0056   4.415226e+01   9.371643e-02   1.865843e-01   3.680375e-03   6.922055e-02 
    T202452T   4.415226e+01   9.371643e-02   1.865843e-01   3.680375e-03   6.922055e-02 
    CSRD0057   4.802071e+01   1.228758e-02   1.190802e-01   3.680375e-03   7.007757e-02 
        B1RE   4.908380e+01   1.921908e-03   8.854730e-02   3.795665e-03   7.254108e-02 
