Printout for SDDS file facet_noFF.mat

 ElementName        s             R16            T166           R56            T566     
                    m             m/1             m             m/1             m       
----------------------------------------------------------------------------------------
       _BEG_   0.000000e+00   0.000000e+00   0.000000e+00   0.000000e+00   0.000000e+00 
           C   0.000000e+00   0.000000e+00   0.000000e+00   0.000000e+00   0.000000e+00 
        B1LE   1.063090e+00   1.200675e-02  -1.200521e-02   9.040973e-05  -4.680550e-17 
       CB1LE   1.063090e+00   1.200675e-02  -1.200521e-02   9.040973e-05  -4.680550e-17 
    CSRD0001   4.929030e+00   9.935067e-02  -9.937142e-02   9.040973e-05   9.866891e-04 
    T202040T   4.929030e+00   9.935067e-02  -9.937142e-02   9.040973e-05   9.866891e-04 
    CSRD0002   5.533970e+00   1.130182e-01  -1.130424e-01   9.040973e-05   1.141086e-03 
    P202042T   5.533970e+00   1.130182e-01  -1.130424e-01   9.040973e-05   1.141086e-03 
    CSRD0003   5.873162e+00   1.206816e-01  -1.207078e-01   9.040973e-05   1.227656e-03 
         M1E   5.873162e+00   1.206816e-01  -1.207078e-01   9.040973e-05   1.227656e-03 
    CSRD0004   6.026445e+00   1.241448e-01  -1.241719e-01   9.040973e-05   1.266778e-03 
         Q1E   6.324545e+00   1.272915e-01  -1.237481e-01   9.040973e-05   1.290659e-03 
         Q1E   6.622645e+00   1.232104e-01  -1.091045e-01   9.040973e-05   1.325813e-03 
    CSRD0005   7.761545e+00   9.397755e-02  -2.696854e-02   9.040973e-05   1.700983e-03 
    CN202069   7.761545e+00   9.397755e-02  -2.696854e-02   9.040973e-05   1.700983e-03 
    CSRD0006   8.011545e+00   8.756064e-02  -8.938878e-03   9.040973e-05   1.783337e-03 
    CH202072   8.011545e+00   8.756064e-02  -8.938878e-03   9.040973e-05   1.783337e-03 
    CSRD0007   8.972445e+00   6.289659e-02   6.035995e-02   9.040973e-05   2.099871e-03 
    CV202082   8.972445e+00   6.289659e-02   6.035995e-02   9.040973e-05   2.099871e-03 
    CSRD0008   9.322445e+00   5.391291e-02   8.560148e-02   9.040973e-05   2.215166e-03 
    CH202085   9.322445e+00   5.391291e-02   8.560148e-02   9.040973e-05   2.215166e-03 
    CSRD0009   9.512445e+00   4.903605e-02   9.930403e-02   9.040973e-05   2.277755e-03 
        YC1E   9.642445e+00   4.569926e-02   1.086795e-01   9.040973e-05   2.320578e-03 
        YC1E   9.772445e+00   4.236246e-02   1.180549e-01   9.040973e-05   2.363402e-03 
    CSRD0010   9.886445e+00   3.943635e-02   1.262764e-01   9.040973e-05   2.400955e-03 
        XC1E   1.001645e+01   3.609955e-02   1.356518e-01   9.040973e-05   2.443779e-03 
        XC1E   1.014645e+01   3.276276e-02   1.450273e-01   9.040973e-05   2.486603e-03 
    CSRD0011   1.041400e+01   2.589538e-02   1.643226e-01   9.040973e-05   2.574738e-03 
         B2E   1.223890e+01  -5.087184e-02   3.258357e-01   3.364593e-04  -3.606969e-03 
       CB2LE   1.223890e+01  -5.087184e-02   3.258357e-01   3.364593e-04  -3.606969e-03 
      MSEP1E   1.223890e+01  -5.087184e-02   3.258357e-01   3.364593e-04  -3.606969e-03 
    CSRD0012   1.243250e+01  -6.219366e-02   3.461569e-01   3.364593e-04  -3.275916e-03 
         Q2E   1.293250e+01  -9.573954e-02   4.247572e-01   3.364593e-04  -2.143431e-03 
         Q2E   1.343250e+01  -1.407515e-01   5.658072e-01   3.364593e-04  -1.013067e-04 
    CSRD0013   1.362615e+01  -1.610462e-01   6.350739e-01   3.364593e-04   9.621055e-04 
         S1E   1.375115e+01  -1.741459e-01   6.787894e-01   3.364593e-04   1.648511e-03 
         S1E   1.387615e+01  -1.872455e-01   7.202993e-01   3.364593e-04   2.334916e-03 
    CSRD0014   1.412656e+01  -2.134880e-01   8.010213e-01   3.364593e-04   3.709990e-03 
         M3E   1.412656e+01  -2.134880e-01   8.010213e-01   3.364593e-04   3.709990e-03 
    CSRD0015   1.428375e+01  -2.299603e-01   8.516899e-01   3.364593e-04   4.573114e-03 
         Q3E   1.464085e+01  -2.593418e-01   9.292825e-01   3.364593e-04   5.813339e-03 
         Q3E   1.499795e+01  -2.715203e-01   9.281255e-01   3.364593e-04   6.058076e-03 
    CSRD0016   1.522735e+01  -2.735815e-01   9.015833e-01   3.364593e-04   6.067336e-03 
         Q3E   1.558445e+01  -2.676808e-01   8.217624e-01   3.364593e-04   6.154623e-03 
         Q3E   1.594155e+01  -2.440240e-01   6.697741e-01   3.364593e-04   6.972667e-03 
    CSRD0017   1.618242e+01  -2.223675e-01   5.452211e-01   3.364593e-04   7.946208e-03 
         S2E   1.656342e+01  -1.881127e-01   3.921604e-01   3.364593e-04   9.486092e-03 
         S2E   1.694442e+01  -1.538579e-01   3.092804e-01   3.364593e-04   1.102597e-02 
    CSRD0018   1.716331e+01  -1.341784e-01   2.771788e-01   3.364593e-04   1.191064e-02 
        XC2E   1.729331e+01  -1.224904e-01   2.581132e-01   3.364593e-04   1.243606e-02 
        XC2E   1.742331e+01  -1.108024e-01   2.390476e-01   3.364593e-04   1.296148e-02 
    CSRD0019   1.889790e+01   2.177433e-02   2.278646e-02   3.364593e-04   1.892131e-02 
         S3E   1.902290e+01   3.301278e-02   4.469554e-03   3.364593e-04   1.942652e-02 
         S3E   1.914790e+01   4.425123e-02  -1.379530e-02   3.364593e-04   1.993173e-02 
    CSRD0020   1.938760e+01   6.580208e-02  -4.874595e-02   3.364593e-04   2.090053e-02 
         Q4E   1.974470e+01   9.577656e-02  -9.685042e-02   3.364593e-04   2.216095e-02 
         Q4E   2.010180e+01   1.204154e-01  -1.342488e-01   3.364593e-04   2.301528e-02 
    CSRD0021   2.033120e+01   1.342171e-01  -1.540387e-01   3.364593e-04   2.343047e-02 
         Q4E   2.068830e+01   1.517634e-01  -1.763475e-01   3.364593e-04   2.386910e-02 
         Q4E   2.104539e+01   1.608551e-01  -1.804172e-01   3.364593e-04   2.399387e-02 
    CSRD0022   2.127479e+01   1.638451e-01  -1.769337e-01   3.364593e-04   2.401335e-02 
         Q4E   2.163189e+01   1.638925e-01  -1.620474e-01   3.364593e-04   2.402328e-02 
         Q4E   2.198899e+01   1.548097e-01  -1.290461e-01   3.364593e-04   2.414818e-02 
    CSRD0023   2.222869e+01   1.457340e-01  -1.012578e-01   3.364593e-04   2.431999e-02 
         M4E   2.222869e+01   1.457340e-01  -1.012578e-01   3.364593e-04   2.431999e-02 
       D6EA1   2.222869e+01   1.457340e-01  -1.012578e-01   3.364593e-04   2.431999e-02 
         S3E   2.235369e+01   1.410012e-01  -8.627981e-02   3.364593e-04   2.440959e-02 
         S3E   2.247869e+01   1.362683e-01  -7.037005e-02   3.364593e-04   2.449919e-02 
    CSRD0024   2.266627e+01   1.291661e-01  -4.582743e-02   3.364593e-04   2.463364e-02 
        YC2E   2.273427e+01   1.265915e-01  -3.693034e-02   3.364593e-04   2.468239e-02 
        YC2E   2.280227e+01   1.240168e-01  -2.803324e-02   3.364593e-04   2.473113e-02 
    CSRD0025   2.295870e+01   1.180940e-01  -7.566271e-03   3.364593e-04   2.484325e-02 
         Q5E   2.317290e+01   1.107813e-01   1.967344e-02   3.364593e-04   2.496856e-02 
         Q5E   2.338710e+01   1.049997e-01   4.565214e-02   3.364593e-04   2.504702e-02 
        DM5Q   2.338710e+01   1.049997e-01   4.565214e-02   3.364593e-04   2.504702e-02 
         M5E   2.338710e+01   1.049997e-01   4.565214e-02   3.364593e-04   2.504702e-02 
    CSRD0026   2.361640e+01   9.959981e-02   7.294698e-02   3.364593e-04   2.511060e-02 
         B3E   2.414510e+01   8.985112e-02   1.331596e-01   1.300012e-03   2.626063e-02 
       CB3LE   2.414510e+01   8.985112e-02   1.331596e-01   1.300012e-03   2.626063e-02 
    CSRD0027   2.435026e+01   8.711662e-02   1.554831e-01   1.300012e-03   2.627885e-02 
         M6E   2.435026e+01   8.711662e-02   1.554831e-01   1.300012e-03   2.627885e-02 
    CSRD0028   2.438690e+01   8.662820e-02   1.594703e-01   1.300012e-03   2.628211e-02 
         Q6E   2.454190e+01   8.559727e-02   1.772875e-01   1.300012e-03   2.628668e-02 
         MCE   2.454190e+01   8.559727e-02   1.772875e-01   1.300012e-03   2.628668e-02 
         Q6E   2.469690e+01   8.662820e-02   1.973092e-01   1.300012e-03   2.629126e-02 
    CSRD0029   2.493870e+01   8.985112e-02   2.304988e-01   1.300012e-03   2.631274e-02 
         B3E   2.546740e+01   9.959980e-02   3.003837e-01   2.263564e-03   2.912247e-02 
       CB3RE   2.546740e+01   9.959980e-02   3.003837e-01   2.263564e-03   2.912247e-02 
    CSRD0030   2.569670e+01   1.049997e-01   3.295138e-01   2.263564e-03   2.918606e-02 
         M7E   2.569670e+01   1.049997e-01   3.295138e-01   2.263564e-03   2.918606e-02 
        DM7Q   2.569670e+01   1.049997e-01   3.295138e-01   2.263564e-03   2.918606e-02 
        Q5ER   2.591090e+01   1.107914e-01   3.583493e-01   2.263564e-03   2.926480e-02 
        Q5ER   2.612510e+01   1.181352e-01   3.906513e-01   2.263564e-03   2.939119e-02 
    CSRD0031   2.631142e+01   1.252265e-01   4.203559e-01   2.263564e-03   2.952613e-02 
        YC3E   2.637942e+01   1.278146e-01   4.311970e-01   2.263564e-03   2.957538e-02 
        YC3E   2.644742e+01   1.304026e-01   4.420381e-01   2.263564e-03   2.962463e-02 
    CSRD0032   2.660510e+01   1.364040e-01   4.671774e-01   2.263564e-03   2.973884e-02 
         S3E   2.673010e+01   1.411615e-01   4.875519e-01   2.263564e-03   2.982937e-02 
         S3E   2.685510e+01   1.459190e-01   5.088603e-01   2.263564e-03   2.991991e-02 
       D6EA2   2.685510e+01   1.459190e-01   5.088603e-01   2.263564e-03   2.991991e-02 
         M8E   2.685510e+01   1.459190e-01   5.088603e-01   2.263564e-03   2.991991e-02 
    CSRD0033   2.709480e+01   1.550418e-01   5.506572e-01   2.263564e-03   3.009351e-02 
        Q4ER   2.745190e+01   1.639064e-01   6.007033e-01   2.263564e-03   3.021418e-02 
        Q4ER   2.780900e+01   1.630619e-01   6.248270e-01   2.263564e-03   3.022637e-02 
    CSRD0034   2.803840e+01   1.593804e-01   6.316264e-01   2.263564e-03   3.025591e-02 
        Q4ER   2.839550e+01   1.489857e-01   6.280391e-01   2.263564e-03   3.041714e-02 
        Q4ER   2.875260e+01   1.297657e-01   5.960308e-01   2.263564e-03   3.094251e-02 
    CSRD0035   2.898200e+01   1.148018e-01   5.664399e-01   2.263564e-03   3.143056e-02 
        Q4ER   2.933910e+01   8.833821e-02   5.072091e-01   2.263564e-03   3.241545e-02 
        Q4ER   2.969620e+01   5.664178e-02   4.231400e-01   2.263564e-03   3.382436e-02 
    CSRD0036   2.993590e+01   3.401595e-02   3.590063e-01   2.263564e-03   3.489221e-02 
         S3E   3.006090e+01   2.221691e-02   3.255829e-01   2.263564e-03   3.544908e-02 
         S3E   3.018590e+01   1.041787e-02   2.921837e-01   2.263564e-03   3.600595e-02 
    CSRD0037   3.166135e+01  -1.288533e-01  -1.019878e-01   2.263564e-03   4.257901e-02 
        XC3E   3.179135e+01  -1.411243e-01  -1.367178e-01   2.263564e-03   4.315815e-02 
        XC3E   3.192135e+01  -1.533953e-01  -1.714477e-01   2.263564e-03   4.373730e-02 
    CSRD0038   3.214255e+01  -1.742748e-01  -2.305421e-01   2.263564e-03   4.472273e-02 
         S2E   3.252355e+01  -2.102383e-01  -2.980423e-01   2.263564e-03   4.642007e-02 
         S2E   3.290455e+01  -2.462018e-01  -2.779384e-01   2.263564e-03   4.811741e-02 
    CSRD0039   3.314225e+01  -2.686388e-01  -2.316006e-01   2.263564e-03   4.917635e-02 
        Q3ER   3.349935e+01  -2.934268e-01  -1.642200e-01   2.263564e-03   5.007500e-02 
        Q3ER   3.385645e+01  -2.995135e-01  -1.049743e-01   2.263564e-03   5.016953e-02 
    CSRD0040   3.408585e+01  -2.972683e-01  -7.052175e-02   2.263564e-03   5.018052e-02 
        Q3ER   3.444295e+01  -2.843374e-01  -2.459946e-02   2.263564e-03   5.045567e-02 
        Q3ER   3.480005e+01  -2.532846e-01   4.865579e-03   2.263564e-03   5.184089e-02 
    CSRD0041   3.498595e+01  -2.326986e-01   1.584259e-02   2.263564e-03   5.298074e-02 
         M9E   3.498595e+01  -2.326986e-01   1.584259e-02   2.263564e-03   5.298074e-02 
    CSRD0042   3.519850e+01  -2.091603e-01   2.839386e-02   2.263564e-03   5.428405e-02 
         S1E   3.532350e+01  -1.953179e-01   3.425468e-02   2.263564e-03   5.505051e-02 
         S1E   3.544850e+01  -1.814754e-01   3.734132e-02   2.263564e-03   5.581696e-02 
    CSRD0043   3.555130e+01  -1.700913e-01   3.884484e-02   2.263564e-03   5.644730e-02 
    CSRD0044   3.565130e+01  -1.590174e-01   4.030740e-02   2.263564e-03   5.706046e-02 
        Q2ER   3.615130e+01  -1.120688e-01   5.868806e-02   2.263564e-03   5.928570e-02 
        Q2ER   3.665130e+01  -7.854211e-02   9.765158e-02   2.263564e-03   6.042016e-02 
    CSRD0045   3.684490e+01  -6.759922e-02   1.166820e-01   2.263564e-03   6.072942e-02 
      MSEP2E   3.684490e+01  -6.759922e-02   1.166820e-01   2.263564e-03   6.072942e-02 
         B2E   3.866980e+01   5.596692e-03   3.260563e-01   3.117079e-03   5.517882e-02 
       CB2RE   3.866980e+01   5.596692e-03   3.260563e-01   3.117079e-03   5.517882e-02 
    CSRD0046   3.893275e+01   1.183132e-02   3.605399e-01   3.117079e-03   5.525273e-02 
        XC4E   3.906275e+01   1.491366e-02   3.775882e-01   3.117079e-03   5.528927e-02 
        XC4E   3.919275e+01   1.799600e-02   3.946366e-01   3.117079e-03   5.532581e-02 
    CSRD0047   3.930675e+01   2.069898e-02   4.095867e-01   3.117079e-03   5.535786e-02 
        YC4E   3.943675e+01   2.378132e-02   4.266350e-01   3.117079e-03   5.539440e-02 
        YC4E   3.956675e+01   2.686367e-02   4.436834e-01   3.117079e-03   5.543094e-02 
    CSRD0048   4.075191e+01   5.496419e-02   5.991067e-01   3.117079e-03   5.576408e-02 
    CSRD0049   4.075191e+01   5.496421e-02   5.991068e-01   3.117079e-03   5.576408e-02 
       WIG1E   4.099591e+01   6.074937e-02   6.311037e-01   3.117333e-03   5.583266e-02 
    CSRD0050   4.112244e+01   6.374915e-02   6.476946e-01   3.117333e-03   5.586862e-02 
       WIG2E   4.161044e+01   7.531836e-02   7.116780e-01   3.113210e-03   5.601039e-02 
    CSRD0051   4.173696e+01   7.831771e-02   7.282651e-01   3.113210e-03   5.604633e-02 
       WIG1E   4.198096e+01   8.410164e-02   7.602511e-01   3.113464e-03   5.611489e-02 
    CSRD0052   4.198097e+01   8.410166e-02   7.602513e-01   3.113464e-03   5.611489e-02 
    CSRD0053   4.216624e+01   8.849342e-02   7.845379e-01   3.113464e-03   5.616694e-02 
    P202432T   4.216624e+01   8.849342e-02   7.845379e-01   3.113464e-03   5.616694e-02 
    CSRD0054   4.246116e+01   9.548391e-02   8.231956e-01   3.113464e-03   5.624979e-02 
        Q1ER   4.275926e+01   9.955263e-02   8.396358e-01   3.113464e-03   5.628266e-02 
        Q1ER   4.305736e+01   9.752199e-02   8.107016e-01   3.113464e-03   5.629478e-02 
    CSRD0055   4.323604e+01   9.448301e-02   7.799701e-01   3.113464e-03   5.632063e-02 
        M11E   4.323604e+01   9.448301e-02   7.799701e-01   3.113464e-03   5.632063e-02 
    CSRD0056   4.415226e+01   7.890030e-02   6.223909e-01   3.113464e-03   5.645314e-02 
    T202452T   4.415226e+01   7.890030e-02   6.223909e-01   3.113464e-03   5.645314e-02 
    CSRD0057   4.802071e+01   1.310693e-02  -4.294062e-02   3.113464e-03   5.701264e-02 
        B1RE   4.908380e+01   7.037879e-03  -2.377889e-01   3.295795e-03   5.392686e-02 
