Printout for SDDS file facet_noFF.mat

 ElementName        s             R16            T166           R56            T566     
                    m             m/1             m             m/1             m       
----------------------------------------------------------------------------------------
       _BEG_   0.000000e+00   0.000000e+00   0.000000e+00   0.000000e+00   0.000000e+00 
           C   0.000000e+00   0.000000e+00   0.000000e+00   0.000000e+00   0.000000e+00 
        B1LE   1.063090e+00   1.200675e-02  -1.200521e-02   9.040973e-05  -4.680550e-17 
       CB1LE   1.063090e+00   1.200675e-02  -1.200521e-02   9.040973e-05  -4.680550e-17 
    CSRD0001   4.929030e+00   9.935067e-02  -9.937142e-02   9.040973e-05   9.866891e-04 
    T202040T   4.929030e+00   9.935067e-02  -9.937142e-02   9.040973e-05   9.866891e-04 
    CSRD0002   5.533970e+00   1.130182e-01  -1.130424e-01   9.040973e-05   1.141086e-03 
    P202042T   5.533970e+00   1.130182e-01  -1.130424e-01   9.040973e-05   1.141086e-03 
    CSRD0003   5.873162e+00   1.206816e-01  -1.207078e-01   9.040973e-05   1.227656e-03 
         M1E   5.873162e+00   1.206816e-01  -1.207078e-01   9.040973e-05   1.227656e-03 
    CSRD0004   6.026445e+00   1.241448e-01  -1.241719e-01   9.040973e-05   1.266778e-03 
         Q1E   6.324545e+00   1.269053e-01  -1.229795e-01   9.040973e-05   1.288475e-03 
         Q1E   6.622645e+00   1.216846e-01  -1.061137e-01   9.040973e-05   1.342933e-03 
    CSRD0005   7.761545e+00   8.675290e-02  -1.304405e-02   9.040973e-05   1.878635e-03 
    CN202069   7.761545e+00   8.675290e-02  -1.304405e-02   9.040973e-05   1.878635e-03 
    CSRD0006   8.011545e+00   7.908504e-02   7.385680e-03   9.040973e-05   1.996228e-03 
    CH202072   8.011545e+00   7.908504e-02   7.385680e-03   9.040973e-05   1.996228e-03 
    CSRD0007   8.972445e+00   4.961286e-02   8.590939e-02   9.040973e-05   2.448205e-03 
    CV202082   8.972445e+00   4.961286e-02   8.590939e-02   9.040973e-05   2.448205e-03 
    CSRD0008   9.322445e+00   3.887786e-02   1.145110e-01   9.040973e-05   2.612833e-03 
    CH202085   9.322445e+00   3.887786e-02   1.145110e-01   9.040973e-05   2.612833e-03 
    CSRD0009   9.512445e+00   3.305029e-02   1.300376e-01   9.040973e-05   2.702203e-03 
        YC1E   9.642445e+00   2.906300e-02   1.406611e-01   9.040973e-05   2.763351e-03 
        YC1E   9.772445e+00   2.507571e-02   1.512845e-01   9.040973e-05   2.824499e-03 
    CSRD0010   9.886445e+00   2.157917e-02   1.606005e-01   9.040973e-05   2.878121e-03 
        XC1E   1.001645e+01   1.759188e-02   1.712239e-01   9.040973e-05   2.939269e-03 
        XC1E   1.014645e+01   1.360460e-02   1.818474e-01   9.040973e-05   3.000417e-03 
    CSRD0011   1.041400e+01   5.398456e-03   2.037113e-01   9.040973e-05   3.126264e-03 
         B2E   1.223890e+01  -8.049851e-02   3.827042e-01   1.158808e-03  -4.228043e-03 
       CB2LE   1.223890e+01  -8.049851e-02   3.827042e-01   1.158808e-03  -4.228043e-03 
      MSEP1E   1.223890e+01  -8.049851e-02   3.827042e-01   1.158808e-03  -4.228043e-03 
    CSRD0012   1.243250e+01  -9.278907e-02   4.048854e-01   1.158808e-03  -3.837914e-03 
         Q2E   1.293250e+01  -1.307187e-01   4.938020e-01   1.158808e-03  -2.384935e-03 
         Q2E   1.343250e+01  -1.843037e-01   6.576679e-01   1.158808e-03   5.148683e-04 
    CSRD0013   1.362615e+01  -2.088444e-01   7.386051e-01   1.158808e-03   2.069810e-03 
         S1E   1.375115e+01  -2.246848e-01   7.891091e-01   1.158808e-03   3.073486e-03 
         S1E   1.387615e+01  -2.405252e-01   8.357819e-01   1.158808e-03   4.077161e-03 
    CSRD0014   1.412656e+01  -2.722583e-01   9.250769e-01   1.158808e-03   6.087820e-03 
         M3E   1.412656e+01  -2.722583e-01   9.250769e-01   1.158808e-03   6.087820e-03 
    CSRD0015   1.428375e+01  -2.921769e-01   9.811268e-01   1.158808e-03   7.349897e-03 
         Q3E   1.464085e+01  -3.277496e-01   1.066589e+00   1.158808e-03   9.167252e-03 
         Q3E   1.499795e+01  -3.426732e-01   1.064313e+00   1.158808e-03   9.532356e-03 
    CSRD0016   1.522735e+01  -3.453537e-01   1.034126e+00   1.158808e-03   9.548017e-03 
         Q3E   1.558445e+01  -3.386034e-01   9.441863e-01   1.158808e-03   9.667258e-03 
         Q3E   1.594155e+01  -3.105201e-01   7.735403e-01   1.158808e-03   1.082147e-02 
    CSRD0017   1.618242e+01  -2.847073e-01   6.336919e-01   1.158808e-03   1.220456e-02 
         S2E   1.656342e+01  -2.438783e-01   4.664763e-01   1.158808e-03   1.439224e-02 
         S2E   1.694442e+01  -2.030493e-01   3.869392e-01   1.158808e-03   1.657991e-02 
    CSRD0018   1.716331e+01  -1.795929e-01   3.610689e-01   1.158808e-03   1.783674e-02 
        XC2E   1.729331e+01  -1.656617e-01   3.457041e-01   1.158808e-03   1.858319e-02 
        XC2E   1.742331e+01  -1.517306e-01   3.303394e-01   1.158808e-03   1.932964e-02 
    CSRD0019   1.889790e+01   6.290446e-03   1.560569e-01   1.158808e-03   2.779662e-02 
         S3E   1.902290e+01   1.968579e-02   1.412890e-01   1.158808e-03   2.851436e-02 
         S3E   1.914790e+01   3.308113e-02   1.265607e-01   1.158808e-03   2.923210e-02 
    CSRD0020   1.938760e+01   5.876804e-02   9.839269e-02   1.158808e-03   3.060844e-02 
         Q4E   1.974470e+01   9.487261e-02   5.603066e-02   1.158808e-03   3.243620e-02 
         Q4E   2.010180e+01   1.252404e-01   1.598827e-02   1.158808e-03   3.373273e-02 
    CSRD0021   2.033120e+01   1.424903e-01  -8.041573e-03   1.158808e-03   3.438129e-02 
         Q4E   2.068830e+01   1.647634e-01  -4.027063e-02   1.158808e-03   3.508620e-02 
         Q4E   2.104539e+01   1.770735e-01  -6.015210e-02   1.158808e-03   3.531113e-02 
    CSRD0022   2.127479e+01   1.815879e-01  -6.846322e-02   1.158808e-03   3.535554e-02 
         Q4E   2.163189e+01   1.830542e-01  -7.366722e-02   1.158808e-03   3.537306e-02 
         Q4E   2.198899e+01   1.734514e-01  -6.340378e-02   1.158808e-03   3.551603e-02 
    CSRD0023   2.222869e+01   1.633839e-01  -5.150401e-02   1.158808e-03   3.572745e-02 
         M4E   2.222869e+01   1.633839e-01  -5.150401e-02   1.158808e-03   3.572745e-02 
       D6EA1   2.222869e+01   1.633839e-01  -5.150401e-02   1.158808e-03   3.572745e-02 
         S3E   2.235369e+01   1.581338e-01  -4.406262e-02   1.158808e-03   3.583771e-02 
         S3E   2.247869e+01   1.528838e-01  -3.425513e-02   1.158808e-03   3.594796e-02 
    CSRD0024   2.266627e+01   1.450054e-01  -1.784040e-02   1.158808e-03   3.611341e-02 
        YC2E   2.273427e+01   1.421494e-01  -1.188980e-02   1.158808e-03   3.617338e-02 
        YC2E   2.280227e+01   1.392933e-01  -5.939197e-03   1.158808e-03   3.623336e-02 
    CSRD0025   2.295870e+01   1.327233e-01   7.749635e-03   1.158808e-03   3.637133e-02 
         Q5E   2.317290e+01   1.246546e-01   2.566522e-02   1.158808e-03   3.652396e-02 
         Q5E   2.338710e+01   1.183689e-01   4.216276e-02   1.158808e-03   3.661677e-02 
        DM5Q   2.338710e+01   1.183689e-01   4.216276e-02   1.158808e-03   3.661677e-02 
         M5E   2.338710e+01   1.183689e-01   4.216276e-02   1.158808e-03   3.661677e-02 
    CSRD0026   2.361640e+01   1.125601e-01   5.918436e-02   1.158808e-03   3.669035e-02 
         B3E   2.414510e+01   1.018689e-01   9.570581e-02   2.250007e-03   3.759686e-02 
       CB3LE   2.414510e+01   1.018689e-01   9.570581e-02   2.250007e-03   3.759686e-02 
    CSRD0027   2.435026e+01   9.876867e-02   1.088378e-01   2.250007e-03   3.762028e-02 
         M6E   2.435026e+01   9.876867e-02   1.088378e-01   2.250007e-03   3.762028e-02 
    CSRD0028   2.438690e+01   9.821493e-02   1.111833e-01   2.250007e-03   3.762447e-02 
         Q6E   2.454190e+01   9.704610e-02   1.213079e-01   2.250007e-03   3.763035e-02 
         MCE   2.454190e+01   9.704610e-02   1.213079e-01   2.250007e-03   3.763035e-02 
         Q6E   2.469690e+01   9.821492e-02   1.320122e-01   2.250007e-03   3.763623e-02 
    CSRD0029   2.493870e+01   1.018689e-01   1.492875e-01   2.250007e-03   3.766384e-02 
         B3E   2.546740e+01   1.125601e-01   1.843799e-01   3.341206e-03   3.948395e-02 
       CB3RE   2.546740e+01   1.125601e-01   1.843799e-01   3.341206e-03   3.948395e-02 
    CSRD0030   2.569670e+01   1.183689e-01   1.984182e-01   3.341206e-03   3.955753e-02 
         M7E   2.569670e+01   1.183689e-01   1.984182e-01   3.341206e-03   3.955753e-02 
        DM7Q   2.569670e+01   1.183689e-01   1.984182e-01   3.341206e-03   3.955753e-02 
        Q5ER   2.591090e+01   1.246369e-01   2.121097e-01   3.341206e-03   3.964980e-02 
        Q5ER   2.612510e+01   1.326511e-01   2.270247e-01   3.341206e-03   3.980035e-02 
    CSRD0031   2.631142e+01   1.404125e-01   2.405591e-01   3.341206e-03   3.996200e-02 
        YC3E   2.637942e+01   1.432451e-01   2.454986e-01   3.341206e-03   4.002100e-02 
        YC3E   2.644742e+01   1.460776e-01   2.504382e-01   3.341206e-03   4.008000e-02 
    CSRD0032   2.660510e+01   1.526461e-01   2.618925e-01   3.341206e-03   4.021681e-02 
         S3E   2.673010e+01   1.578531e-01   2.720999e-01   3.341206e-03   4.032526e-02 
         S3E   2.685510e+01   1.630601e-01   2.846651e-01   3.341206e-03   4.043371e-02 
       D6EA2   2.685510e+01   1.630601e-01   2.846651e-01   3.341206e-03   4.043371e-02 
         M8E   2.685510e+01   1.630601e-01   2.846651e-01   3.341206e-03   4.043371e-02 
    CSRD0033   2.709480e+01   1.730449e-01   3.111208e-01   3.341206e-03   4.064167e-02 
        Q4ER   2.745190e+01   1.826478e-01   3.461758e-01   3.341206e-03   4.078402e-02 
        Q4ER   2.780900e+01   1.814313e-01   3.714904e-01   3.341206e-03   4.079996e-02 
    CSRD0034   2.803840e+01   1.771555e-01   3.842878e-01   3.341206e-03   4.083981e-02 
        Q4ER   2.839550e+01   1.653184e-01   3.977856e-01   3.341206e-03   4.104827e-02 
        Q4ER   2.875260e+01   1.436884e-01   3.974642e-01   3.341206e-03   4.171334e-02 
    CSRD0035   2.898200e+01   1.268934e-01   3.925327e-01   3.341206e-03   4.232814e-02 
        Q4ER   2.933910e+01   9.724936e-02   3.767875e-01   3.341206e-03   4.356383e-02 
        Q4ER   2.969620e+01   6.184465e-02   3.444550e-01   3.341206e-03   4.532159e-02 
    CSRD0036   2.993590e+01   3.660032e-02   3.171059e-01   3.341206e-03   4.665091e-02 
         S3E   3.006090e+01   2.343578e-02   3.028933e-01   3.341206e-03   4.734413e-02 
         S3E   3.018590e+01   1.027124e-02   2.887354e-01   3.341206e-03   4.803735e-02 
    CSRD0037   3.166135e+01  -1.451178e-01   1.217463e-01   3.341206e-03   5.621985e-02 
        XC3E   3.179135e+01  -1.588089e-01   1.070331e-01   3.341206e-03   5.694080e-02 
        XC3E   3.192135e+01  -1.725000e-01   9.231995e-02   3.341206e-03   5.766175e-02 
    CSRD0038   3.214255e+01  -1.957960e-01   6.728490e-02   3.341206e-03   5.888847e-02 
         S2E   3.252355e+01  -2.359215e-01   5.632889e-02   3.341206e-03   6.100141e-02 
         S2E   3.290455e+01  -2.760470e-01   1.274357e-01   3.341206e-03   6.311435e-02 
    CSRD0039   3.314225e+01  -3.010807e-01   2.034199e-01   3.341206e-03   6.443257e-02 
        Q3ER   3.349935e+01  -3.286943e-01   2.999322e-01   3.341206e-03   6.554834e-02 
        Q3ER   3.385645e+01  -3.353589e-01   3.564917e-01   3.341206e-03   6.566402e-02 
    CSRD0040   3.408585e+01  -3.327473e-01   3.789099e-01   3.341206e-03   6.567889e-02 
        Q3ER   3.444295e+01  -3.181214e-01   3.908577e-01   3.341206e-03   6.602980e-02 
        Q3ER   3.480005e+01  -2.832204e-01   3.577278e-01   3.341206e-03   6.777920e-02 
    CSRD0041   3.498595e+01  -2.601076e-01   3.293263e-01   3.341206e-03   6.921602e-02 
         M9E   3.498595e+01  -2.601076e-01   3.293263e-01   3.341206e-03   6.921602e-02 
    CSRD0042   3.519850e+01  -2.336802e-01   2.968516e-01   3.341206e-03   7.085891e-02 
         S1E   3.532350e+01  -2.181387e-01   2.757738e-01   3.341206e-03   7.182507e-02 
         S1E   3.544850e+01  -2.025972e-01   2.510845e-01   3.341206e-03   7.279122e-02 
    CSRD0043   3.555130e+01  -1.898159e-01   2.294336e-01   3.341206e-03   7.358579e-02 
    CSRD0044   3.565130e+01  -1.773826e-01   2.083723e-01   3.341206e-03   7.435871e-02 
        Q2ER   3.615130e+01  -1.246026e-01   1.229336e-01   3.341206e-03   7.717060e-02 
        Q2ER   3.665130e+01  -8.674542e-02   6.728796e-02   3.341206e-03   7.861657e-02 
    CSRD0045   3.684490e+01  -7.434497e-02   4.992644e-02   3.341206e-03   7.901371e-02 
      MSEP2E   3.684490e+01  -7.434497e-02   4.992644e-02   3.341206e-03   7.901371e-02 
         B2E   3.866980e+01   1.258768e-02  -8.365189e-02   4.190697e-03   8.188279e-02 
       CB2RE   3.866980e+01   1.258768e-02  -8.365189e-02   4.190697e-03   8.188279e-02 
    CSRD0046   3.893275e+01   2.080200e-02  -9.859344e-02   4.190697e-03   8.201110e-02 
        XC4E   3.906275e+01   2.486308e-02  -1.059804e-01   4.190697e-03   8.207453e-02 
        XC4E   3.919275e+01   2.892415e-02  -1.133674e-01   4.190697e-03   8.213796e-02 
    CSRD0047   3.930675e+01   3.248541e-02  -1.198452e-01   4.190697e-03   8.219359e-02 
        YC4E   3.943675e+01   3.654649e-02  -1.272321e-01   4.190697e-03   8.225702e-02 
        YC4E   3.956675e+01   4.060756e-02  -1.346191e-01   4.190697e-03   8.232045e-02 
    CSRD0048   4.075191e+01   7.763085e-02  -2.019632e-01   4.190697e-03   8.289874e-02 
    CSRD0049   4.075191e+01   7.763089e-02  -2.019632e-01   4.190697e-03   8.289874e-02 
       WIG1E   4.099591e+01   8.525300e-02  -2.158272e-01   4.190951e-03   8.301779e-02 
    CSRD0050   4.112244e+01   8.920528e-02  -2.230159e-01   4.190951e-03   8.307991e-02 
       WIG2E   4.161044e+01   1.044479e-01  -2.507386e-01   4.186828e-03   8.332260e-02 
    CSRD0051   4.173696e+01   1.083996e-01  -2.579252e-01   4.186828e-03   8.338470e-02 
       WIG1E   4.198096e+01   1.160200e-01  -2.717833e-01   4.187082e-03   8.350370e-02 
    CSRD0052   4.198097e+01   1.160200e-01  -2.717834e-01   4.187082e-03   8.350370e-02 
    CSRD0053   4.216624e+01   1.218062e-01  -2.823056e-01   4.187082e-03   8.359405e-02 
    P202432T   4.216624e+01   1.218062e-01  -2.823056e-01   4.187082e-03   8.359405e-02 
    CSRD0054   4.246116e+01   1.310163e-01  -2.990540e-01   4.187082e-03   8.373786e-02 
        Q1ER   4.275926e+01   1.362171e-01  -3.025613e-01   4.187082e-03   8.379281e-02 
        Q1ER   4.305736e+01   1.330722e-01  -2.792285e-01   4.187082e-03   8.381913e-02 
    CSRD0055   4.323604e+01   1.286989e-01  -2.574167e-01   4.187082e-03   8.387265e-02 
        M11E   4.323604e+01   1.286989e-01  -2.574167e-01   4.187082e-03   8.387265e-02 
    CSRD0056   4.415226e+01   1.062743e-01  -1.455744e-01   4.187082e-03   8.414707e-02 
    T202452T   4.415226e+01   1.062743e-01  -1.455744e-01   4.187082e-03   8.414707e-02 
    CSRD0057   4.802071e+01   1.159312e-02   3.266467e-01   4.187082e-03   8.530574e-02 
        B1RE   4.908380e+01  -2.414291e-03   4.444754e-01   4.245550e-03   9.417577e-02 
